0 5 7 53 75 84 
1 55 
2 74 
3 18 
4 15 16 19 39 92 
5 7 44 53 88 
6 60 
7 27 37 38 41 53 71 
8 53 88 94 
9 53 
10 44 55 93 
11 14 
12 23 74 
13 40 49 
14 20 32 92 
15 
16 
17 83 
18 53 
19 
20 95 
21 52 64 67 
22 50 
23 
24 27 
25 88 
26 52 
27 31 77 92 
28 53 67 71 
29 63 
30 44 54 57 
31 
32 
33 92 
34 44 
35 53 
36 53 
37 53 
38 49 
39 58 92 
40 65 80 87 
41 
42 44 73 
43 71 
44 55 57 73 74 78 82 
45 88 
46 53 
47 72 86 92 
48 69 
49 76 
50 53 55 71 73 
51 55 
52 56 63 69 
53 60 66 88 91 92 
54 
55 71 79 89 
56 
57 
58 
59 73 
60 71 94 
61 71 
62 94 
63 80 88 
64 90 
65 74 
66 
67 
68 71 
69 
70 78 
71 92 
72 
73 
74 
75 
76 
77 
78 
79 
80 
81 88 
82 
83 88 
84 
85 88 
86 
87 
88 
89 
90 
91 
92 
93 
94 
95 