0 1 2 3 4 15 43 112 130 249 258 
1 0 2 
2 0 1 
3 0 4 12 13 14 15 43 44 45 46 60 125 126 127 145 151 152 153 163 164 165 175 176 248 249 273 312 313 322 323 329 370 372 373 
4 0 3 14 15 43 44 45 46 175 176 198 200 201 203 230 234 235 236 237 248 249 253 297 312 313 372 373 
5 6 7 
6 5 7 189 190 191 192 
7 5 6 25 61 62 63 64 136 188 341 342 343 
8 9 10 11 
9 8 10 11 66 67 68 
10 8 9 11 
11 8 9 10 
12 3 13 14 15 16 17 18 19 273 
13 3 12 14 15 
14 3 4 12 13 15 44 45 46 175 176 277 278 333 365 366 367 
15 0 3 4 12 13 14 44 45 46 152 153 175 176 248 249 312 313 322 323 370 372 
16 12 17 28 57 171 200 257 260 364 
17 12 16 57 171 200 257 260 364 
18 12 19 207 
19 12 18 
20 21 22 23 32 108 219 220 231 232 267 286 287 
21 20 22 23 
22 20 21 23 49 50 51 53 54 219 226 227 
23 20 21 22 78 139 219 228 231 232 267 
24 25 26 27 
25 7 24 26 27 39 94 103 104 105 106 107 123 124 154 196 197 230 233 250 272 294 295 296 305 314 315 316 
26 24 25 27 
27 24 25 26 
28 16 
29 30 31 32 33 34 35 50 75 218 
30 29 31 32 33 
31 29 30 32 33 34 35 50 75 215 216 217 218 306 368 369 
32 20 29 30 31 33 34 35 108 218 219 220 
33 29 30 31 32 
34 29 31 32 35 218 
35 29 31 32 34 
36 37 
37 36 303 304 
38 39 
39 25 38 172 173 174 238 239 281 325 
40 41 42 240 241 242 243 
41 40 42 51 169 240 241 242 243 274 275 276 363 
42 40 41 274 275 276 
43 0 3 4 65 
44 3 4 14 15 45 46 175 176 322 323 
45 3 4 14 15 44 46 175 176 
46 3 4 14 15 44 45 175 176 
47 48 
48 47 66 73 180 181 182 225 
49 22 50 51 52 
50 22 29 31 49 51 75 94 99 159 168 169 306 307 321 336 
51 22 41 49 50 75 99 115 116 168 169 265 266 290 363 
52 49 169 
53 22 54 
54 22 53 
55 56 99 109 193 194 
56 55 
57 16 17 58 59 
58 57 59 
59 57 58 303 356 357 358 
60 3 163 164 165 
61 7 62 63 64 
62 7 61 63 
63 7 61 62 
64 7 61 263 264 298 299 300 301 344 345 
65 43 99 100 101 109 110 
66 9 48 67 68 69 70 71 72 73 74 79 80 120 121 122 168 247 284 362 
67 9 66 68 79 80 
68 9 66 67 69 70 74 79 80 284 
69 66 68 70 71 72 74 118 149 213 302 327 328 347 348 349 350 377 378 
70 66 68 69 71 72 74 
71 66 69 70 72 118 302 
72 66 69 70 71 149 
73 48 66 
74 66 68 69 70 284 
75 29 31 50 51 168 169 
76 77 78 
77 76 78 
78 23 76 77 
79 66 67 68 80 
80 66 67 68 79 120 121 122 
81 82 83 84 85 86 87 88 
82 81 83 84 85 86 87 88 261 262 
83 81 82 84 85 86 87 88 
84 81 82 83 85 86 87 88 105 259 261 262 
85 81 82 83 84 86 87 88 105 259 261 262 
86 81 82 83 84 85 87 88 
87 81 82 83 84 85 86 88 105 259 261 262 
88 81 82 83 84 85 86 87 
89 90 91 
90 89 91 129 130 131 132 133 187 
91 89 90 129 130 131 132 133 187 
92 93 94 95 96 97 98 
93 92 94 95 96 97 98 
94 25 50 92 93 95 96 97 98 177 178 179 285 307 336 337 338 361 
95 92 93 94 96 97 98 140 
96 92 93 94 95 97 98 177 361 
97 92 93 94 95 96 98 
98 92 93 94 95 96 97 
99 50 51 55 65 100 101 102 109 110 144 193 194 
100 65 99 101 102 310 
101 65 99 100 158 279 359 360 
102 99 100 
103 25 104 105 106 107 
104 25 103 105 106 
105 25 84 85 87 103 104 106 184 259 
106 25 103 104 105 107 282 283 371 
107 25 103 106 124 154 155 157 
108 20 32 
109 55 65 99 110 193 194 
110 65 99 109 
111 112 113 114 
112 0 111 113 114 130 134 135 188 258 311 351 352 353 354 355 
113 111 112 114 130 134 311 
114 111 112 113 171 346 
115 51 116 317 318 319 320 
116 51 115 
117 118 119 208 
118 69 71 117 119 213 302 347 348 349 350 
119 117 118 
120 66 80 121 122 
121 66 80 120 122 168 247 
122 66 80 120 121 
123 25 124 
124 25 107 123 233 254 255 
125 3 126 127 128 326 329 
126 3 125 127 128 326 329 
127 3 125 126 128 326 329 339 340 
128 125 126 127 
129 90 91 130 131 132 133 
130 0 90 91 112 113 129 131 132 133 134 135 258 
131 90 91 129 130 132 133 187 
132 90 91 129 130 131 133 
133 90 91 129 130 131 132 
134 112 113 130 188 351 352 353 354 355 
135 112 130 
136 7 137 341 342 
137 136 
138 139 
139 23 138 205 206 228 229 
140 95 
141 142 143 144 
142 141 143 144 
143 141 142 144 
144 99 141 142 143 193 
145 3 146 147 
146 145 147 
147 145 146 
148 149 150 269 292 
149 69 72 148 150 269 270 292 293 
150 148 149 
151 3 
152 3 15 153 
153 3 15 152 
154 25 107 155 156 157 
155 107 154 
156 154 
157 107 154 
158 101 
159 50 160 161 162 321 
160 159 161 
161 159 160 162 
162 159 161 
163 3 60 164 165 
164 3 60 163 165 
165 3 60 163 164 
166 167 168 169 
167 166 168 169 204 
168 50 51 66 75 121 166 167 169 204 247 288 289 290 291 
169 41 50 51 52 75 166 167 168 265 266 335 363 
170 171 
171 16 17 114 170 324 346 
172 39 173 174 
173 39 172 174 
174 39 172 173 281 
175 3 4 14 15 44 45 46 176 
176 3 4 14 15 44 45 46 175 
177 94 96 178 179 
178 94 177 
179 94 177 
180 48 181 182 
181 48 180 182 
182 48 180 181 225 
183 184 185 186 308 309 
184 105 183 185 186 308 309 
185 183 184 186 308 309 
186 183 184 185 
187 90 91 131 
188 7 112 134 
189 6 190 191 192 
190 6 189 
191 6 189 192 
192 6 189 191 
193 55 99 109 144 194 195 
194 55 99 109 193 
195 193 
196 25 
197 25 250 
198 4 199 200 201 202 203 257 
199 198 200 201 
200 4 16 17 198 199 201 202 203 244 251 252 253 257 297 
201 4 198 199 200 202 203 257 
202 198 200 201 
203 4 198 200 201 244 297 
204 167 168 
205 139 206 
206 139 205 374 375 376 
207 18 
208 117 
209 210 211 212 213 214 
210 209 211 212 213 214 
211 209 210 212 213 214 221 222 223 224 
212 209 210 211 213 214 
213 69 118 209 210 211 212 214 302 347 348 349 350 
214 209 210 211 212 213 
215 31 216 217 
216 31 215 217 
217 31 215 216 
218 29 31 32 34 
219 20 22 23 32 220 
220 20 32 219 
221 211 222 223 224 
222 211 221 223 224 
223 211 221 222 224 
224 211 221 222 223 
225 48 182 
226 22 227 
227 22 226 
228 23 139 
229 139 
230 4 25 231 232 233 234 235 236 237 238 239 245 256 296 
231 20 23 230 232 267 
232 20 23 230 231 267 
233 25 124 230 
234 4 230 
235 4 230 236 237 238 239 244 245 246 256 
236 4 230 235 237 
237 4 230 235 236 
238 39 230 235 239 245 256 325 
239 39 230 235 238 245 256 325 
240 40 41 241 242 243 
241 40 41 240 242 243 
242 40 41 240 241 243 
243 40 41 240 241 242 
244 200 203 235 245 246 297 
245 230 235 238 239 244 246 256 
246 235 244 245 
247 66 121 168 
248 3 4 15 
249 0 3 4 15 312 313 
250 25 197 
251 200 252 
252 200 251 
253 4 200 
254 124 255 
255 124 254 
256 230 235 238 239 245 
257 16 17 198 200 201 
258 0 112 130 
259 84 85 87 105 
260 16 17 
261 82 84 85 87 262 
262 82 84 85 87 261 
263 64 264 
264 64 263 298 299 300 301 
265 51 169 266 
266 51 169 265 
267 20 23 231 232 
268 269 270 271 
269 148 149 268 270 271 292 293 
270 149 268 269 293 
271 268 269 
272 25 
273 3 12 
274 41 42 275 276 
275 41 42 274 276 
276 41 42 274 275 
277 14 278 
278 14 277 
279 101 280 359 360 
280 279 
281 39 174 
282 106 283 
283 106 282 
284 66 68 74 
285 94 
286 20 287 
287 20 286 
288 168 289 
289 168 288 290 291 
290 51 168 289 
291 168 289 
292 148 149 269 
293 149 269 270 
294 25 295 
295 25 294 
296 25 230 
297 4 200 203 244 
298 64 264 299 300 301 
299 64 264 298 300 
300 64 264 298 299 
301 64 264 298 
302 69 71 118 213 327 328 347 348 349 350 377 378 
303 37 59 304 356 357 358 
304 37 303 
305 25 
306 31 50 
307 50 94 336 
308 183 184 185 309 
309 183 184 185 308 
310 100 
311 112 113 
312 3 4 15 249 313 
313 3 4 15 249 312 
314 25 315 316 
315 25 314 316 
316 25 314 315 
317 115 318 319 320 
318 115 317 319 320 
319 115 317 318 320 
320 115 317 318 319 
321 50 159 
322 3 15 44 323 
323 3 15 44 322 
324 171 
325 39 238 239 
326 125 126 127 
327 69 302 328 
328 69 302 327 
329 3 125 126 127 
330 331 332 333 334 
331 330 332 333 334 
332 330 331 333 334 
333 14 330 331 332 334 365 366 367 
334 330 331 332 333 
335 169 
336 50 94 307 
337 94 338 
338 94 337 
339 127 340 
340 127 339 
341 7 136 342 
342 7 136 341 
343 7 
344 64 345 
345 64 344 
346 114 171 
347 69 118 213 302 348 349 350 
348 69 118 213 302 347 349 350 
349 69 118 213 302 347 348 350 
350 69 118 213 302 347 348 349 
351 112 134 352 353 354 355 
352 112 134 351 353 354 355 
353 112 134 351 352 354 355 
354 112 134 351 352 353 355 
355 112 134 351 352 353 354 
356 59 303 357 358 
357 59 303 356 358 
358 59 303 356 357 
359 101 279 360 
360 101 279 359 
361 94 96 
362 66 
363 41 51 169 
364 16 17 
365 14 333 366 367 
366 14 333 365 367 
367 14 333 365 366 
368 31 369 
369 31 368 
370 3 15 
371 106 
372 3 4 15 373 
373 3 4 372 
374 206 375 376 
375 206 374 376 
376 206 374 375 
377 69 302 378 
378 69 302 377 