0 3552 3585 3586 3636 
1 3582 
2 4929 
3 87 
4 12 119 
5 7 
6 7 
7 5 6 8 
8 7 9 60 74 204 207 
9 8 49 
10 93 124 
11 12 
12 4 11 13 14 82 
13 12 15 16 28 146 
14 12 
15 13 
16 13 
17 18 189 
18 17 19 129 
19 18 198 
20 50 175 
21 4444 
22 4445 
23 52 4460 
24 57 135 
25 93 130 138 202 
26 160 165 
27 97 
28 13 129 159 
29 122 139 
30 61 103 
31 154 173 
32 33 
33 32 34 96 
34 33 35 68 140 141 
35 34 36 37 38 46 156 
36 35 
37 35 
38 35 
39 96 201 
40 41 57 166 217 231 
41 40 97 180 
42 93 162 
43 46 
44 46 
45 46 183 
46 35 43 44 45 170 
47 74 100 105 
48 4447 
49 9 138 204 
50 20 119 193 
51 110 118 171 
52 23 230 
53 108 146 
54 87 106 
55 118 148 151 174 197 
56 97 2561 
57 24 40 58 166 
58 57 59 
59 58 153 
60 8 187 208 
61 30 153 
62 67 
63 67 
64 67 
65 68 
66 69 
67 62 63 64 68 978 4892 
68 34 65 67 69 1029 1051 2343 
69 66 68 107 
70 85 223 
71 72 111 214 
72 71 90 230 
73 97 
74 8 47 
75 76 85 109 184 
76 75 169 190 
77 78 108 
78 77 79 
79 78 183 198 988 
80 81 2561 
81 80 97 
82 12 217 220 
83 4445 4460 
84 150 4447 
85 70 75 109 
86 87 88 
87 3 54 86 89 171 177 194 197 
88 86 
89 87 
90 72 495 4445 
91 93 122 173 
92 93 
93 10 25 42 91 92 94 130 
94 93 128 170 
95 143 147 
96 33 39 
97 27 41 56 73 81 99 124 134 204 
98 99 4458 
99 97 98 
100 47 122 209 
101 139 
102 144 152 189 
103 30 173 221 
104 183 1029 1054 
105 47 185 
106 54 177 
107 69 115 206 4119 
108 53 77 
109 75 85 
110 51 147 191 203 
111 71 112 214 
112 111 128 3769 
113 114 
114 113 204 
115 107 116 117 206 521 
116 115 
117 115 
118 51 55 147 174 
119 4 50 
120 121 
121 120 122 
122 29 91 100 121 139 
123 152 172 193 231 
124 10 97 207 
125 128 
126 128 
127 128 
128 94 112 125 126 127 206 234 4111 
129 18 28 
130 25 93 138 
131 4460 
132 2561 
133 221 235 
134 97 235 
135 24 145 
136 222 223 228 
137 138 139 142 149 204 4881 
138 25 49 130 137 139 
139 29 101 122 137 138 140 185 
140 34 139 141 
141 34 140 
142 137 150 201 233 
143 95 191 
144 102 193 195 
145 135 152 
146 13 53 
147 95 110 118 
148 55 197 
149 137 180 190 
150 84 142 
151 55 197 
152 102 123 145 153 155 156 157 
153 59 61 152 154 156 158 172 
154 31 153 
155 152 188 
156 35 152 153 192 
157 152 
158 153 
159 28 
160 26 195 
161 162 164 
162 42 161 163 190 
163 162 
164 161 
165 26 175 
166 40 57 
167 169 228 
168 169 186 226 
169 76 167 168 170 
170 46 94 169 
171 51 87 
172 123 153 
173 31 91 103 188 
174 55 118 
175 20 165 
176 177 178 179 
177 87 106 176 
178 176 198 205 
179 176 
180 41 149 
181 183 
182 183 
183 45 79 104 181 182 199 996 
184 75 186 
185 105 139 
186 168 184 227 229 
187 60 204 
188 155 173 
189 17 102 
190 76 149 162 
191 110 143 192 
192 156 191 
193 50 123 144 
194 87 203 
195 144 160 
196 200 
197 55 87 148 151 199 200 
198 19 79 178 200 
199 183 197 
200 196 197 198 
201 39 142 
202 25 
203 110 194 
204 8 49 97 114 137 187 206 
205 178 206 
206 107 115 128 204 205 
207 8 124 
208 60 
209 100 210 211 212 
210 209 
211 209 
212 209 
213 214 498 
214 71 111 213 
215 224 227 
216 217 
217 40 82 216 
218 223 
219 220 
220 82 219 224 
221 103 133 
222 136 226 
223 70 136 218 
224 215 220 
225 228 229 
226 168 222 
227 186 215 
228 136 167 225 
229 186 225 
230 52 72 
231 40 123 
232 233 
233 142 232 
234 128 
235 133 134 236 
236 235 
237 251 317 4422 
238 239 332 353 
239 238 315 326 336 
240 241 350 
241 240 283 362 363 364 365 
242 341 354 
243 334 360 
244 246 
245 246 256 297 370 377 
246 244 245 329 
247 249 
248 249 279 304 311 312 359 
249 247 248 
250 251 288 318 366 369 
251 237 250 252 288 321 375 
252 251 336 4361 
253 254 283 328 
254 253 284 298 
255 258 
256 245 258 309 359 367 380 
257 298 305 310 
258 255 256 
259 260 286 349 368 381 
260 259 261 266 333 
261 260 343 344 
262 320 4414 
263 280 333 
264 307 
265 266 349 
266 260 265 
267 268 
268 267 345 361 
269 273 
270 273 
271 273 371 
272 273 
273 269 270 271 272 274 324 361 
274 273 
275 285 350 
276 313 341 
277 297 334 377 
278 279 281 294 301 312 
279 248 278 304 311 312 359 
280 263 333 
281 278 283 294 301 312 
282 283 
283 241 253 281 282 284 295 304 365 
284 254 283 305 315 1177 
285 275 
286 259 350 
287 289 
288 250 251 
289 287 335 4434 
290 291 
291 290 324 361 
292 297 
293 299 
294 278 281 295 301 312 
295 283 294 364 
296 299 307 339 
297 245 277 292 298 334 342 
298 254 257 297 315 361 
299 293 296 
300 301 
301 278 281 294 300 312 
302 306 315 
303 304 
304 248 279 283 303 305 312 
305 257 284 304 315 
306 302 
307 264 296 322 339 
308 352 357 4430 
309 256 310 367 
310 257 309 343 344 
311 248 279 312 
312 248 278 279 281 294 301 304 311 
313 276 314 325 
314 313 315 355 
315 239 284 298 302 305 314 336 
316 317 1118 
317 237 316 335 
318 250 319 321 369 
319 318 320 
320 262 319 4340 
321 251 318 
322 307 
323 324 
324 273 291 323 
325 313 4427 
326 239 327 378 
327 326 
328 253 329 
329 246 328 356 
330 339 379 
331 332 352 354 
332 238 331 
333 260 263 280 351 
334 243 277 297 372 
335 289 317 336 337 
336 239 252 315 335 
337 335 338 
338 337 
339 296 307 330 340 
340 339 345 
341 242 276 342 354 
342 297 341 
343 261 310 
344 261 310 
345 268 340 
346 351 
347 351 
348 349 
349 259 265 348 368 
350 240 275 286 351 
351 333 346 347 350 
352 308 331 353 354 373 4424 
353 238 352 4425 
354 242 331 341 352 355 
355 314 354 
356 329 376 
357 308 
358 360 
359 248 256 279 380 
360 243 358 361 
361 268 273 291 298 360 
362 241 
363 241 
364 241 295 
365 241 283 
366 250 369 
367 256 309 
368 259 349 
369 250 318 366 
370 245 377 
371 271 
372 334 
373 352 
374 377 
375 251 
376 356 
377 245 277 370 374 
378 326 
379 330 
380 256 359 
381 259 
382 383 428 444 453 454 461 
383 382 392 425 446 
384 385 
385 384 386 444 445 2306 4940 
386 385 
387 429 
388 436 2281 
389 390 
390 389 391 393 408 422 
391 390 401 405 424 435 
392 383 394 395 446 2222 
393 390 441 456 
394 392 418 2212 2392 4940 
395 392 396 397 398 399 419 2230 2282 
396 395 
397 395 
398 395 
399 395 
400 401 
401 391 400 402 410 434 435 438 
402 401 
403 404 
404 403 405 430 456 459 
405 391 404 
406 407 
407 406 436 450 455 
408 390 430 
409 410 
410 401 409 1215 
411 472 1247 
412 413 414 451 458 461 463 467 
413 412 424 
414 412 
415 416 429 443 449 468 
416 415 
417 420 
418 394 420 455 
419 395 420 425 2282 
420 417 418 419 
421 438 1423 1783 
422 390 429 
423 424 442 443 
424 391 413 423 425 
425 383 419 424 426 446 3986 
426 425 1124 
427 451 458 
428 382 445 469 
429 387 415 422 440 468 
430 404 408 431 432 471 
431 430 435 
432 430 
433 434 
434 401 433 460 1296 
435 391 401 431 
436 388 407 
437 438 471 472 
438 401 421 437 
439 440 
440 429 439 441 
441 393 440 465 
442 423 463 467 
443 415 423 
444 382 385 
445 385 428 
446 383 392 425 
447 448 
448 447 464 466 
449 415 467 
450 407 452 4940 
451 412 427 
452 450 462 
453 382 454 469 
454 382 453 458 
455 407 418 464 
456 393 404 459 
457 460 
458 412 427 454 
459 404 456 
460 434 457 
461 382 412 
462 452 466 
463 412 442 468 
464 448 455 
465 441 
466 448 462 
467 412 442 449 
468 415 429 463 
469 428 453 
470 471 
471 430 437 470 
472 411 437 
473 480 4172 
474 4112 4445 
475 476 
476 475 479 483 
477 478 491 497 
478 477 479 480 
479 476 478 492 
480 473 478 490 4110 
481 484 488 493 494 
482 483 3768 
483 476 482 484 492 495 
484 481 483 485 488 496 497 
485 484 493 
486 490 
487 1182 1200 
488 481 484 
489 2425 2541 2542 2547 2679 2798 2831 2833 2834 2835 2948 
490 480 486 
491 477 492 496 
492 479 483 491 4445 
493 481 485 
494 481 495 
495 90 483 494 498 
496 484 491 
497 477 484 
498 213 495 
499 500 
500 499 548 569 572 
501 503 
502 503 
503 501 502 522 555 563 
504 547 550 
505 538 545 564 
506 538 545 565 
507 564 565 
508 544 570 571 
509 560 
510 511 512 533 537 549 550 
511 510 
512 510 
513 4457 
514 518 
515 519 
516 519 
517 519 3981 
518 514 519 
519 515 516 517 518 2311 
520 521 827 831 4447 4457 
521 115 520 569 4119 
522 503 523 524 531 
523 522 527 
524 522 529 
525 526 531 4144 
526 525 
527 523 528 529 
528 527 
529 524 527 530 
530 529 
531 522 525 532 547 555 563 567 572 
532 531 569 
533 510 537 549 
534 535 558 573 
535 534 536 556 
536 535 
537 510 533 550 
538 505 506 539 540 541 542 543 
539 538 568 
540 538 568 
541 538 549 
542 538 544 560 564 
543 538 544 560 565 
544 508 542 543 
545 505 506 552 553 557 558 
546 547 554 
547 504 531 546 548 550 551 567 
548 500 547 
549 510 533 541 550 
550 504 510 537 547 549 
551 547 554 
552 545 554 
553 545 554 
554 546 551 552 553 
555 503 531 562 
556 535 557 562 
557 545 556 561 
558 534 545 
559 560 
560 509 542 543 559 
561 557 562 
562 555 556 561 
563 503 531 1480 1481 4210 
564 505 507 542 
565 506 507 543 
566 567 
567 531 547 566 
568 539 540 569 4457 
569 500 521 532 568 4163 
570 508 
571 508 
572 500 531 
573 534 
574 656 658 659 729 
575 581 624 639 
576 577 
577 576 593 609 
578 663 701 
579 719 724 
580 584 625 
581 575 582 583 611 644 
582 581 
583 581 584 651 666 671 679 
584 580 583 613 
585 586 
586 585 617 623 668 678 702 
587 596 
588 589 590 593 691 
589 588 
590 588 
591 592 596 629 
592 591 
593 577 588 594 595 627 704 
594 593 
595 593 
596 587 591 597 598 599 600 601 619 656 
597 596 
598 596 
599 596 
600 596 
601 596 
602 603 
603 602 604 605 656 690 
604 603 657 665 
605 603 
606 609 
607 608 
608 607 609 610 656 661 
609 577 606 608 721 
610 608 
611 581 612 639 699 
612 611 613 
613 584 612 618 635 675 
614 615 
615 614 638 724 
616 617 
617 586 616 667 
618 613 625 
619 596 
620 621 
621 620 652 735 
622 623 
623 586 622 654 667 707 
624 575 
625 580 618 
626 627 
627 593 626 657 
628 629 
629 591 628 695 
630 631 
631 630 633 638 667 688 717 
632 633 
633 631 632 724 
634 635 
635 613 634 647 
636 670 708 712 727 
637 638 
638 615 631 637 652 680 684 724 
639 575 611 640 
640 639 
641 657 
642 643 
643 642 647 686 
644 581 645 703 
645 644 
646 647 
647 635 643 646 
648 649 
649 648 724 
650 652 
651 583 652 679 725 
652 621 638 650 651 684 724 
653 654 
654 623 653 668 688 
655 657 
656 574 596 603 608 657 695 
657 604 627 641 655 656 711 737 
658 574 
659 574 
660 661 
661 608 660 690 
662 663 
663 578 662 
664 665 
665 604 664 691 
666 583 667 679 725 
667 617 623 631 666 717 
668 586 654 
669 703 
670 636 671 712 
671 583 670 672 673 
672 671 
673 671 
674 675 701 
675 613 674 
676 719 724 
677 678 
678 586 677 680 
679 583 651 666 680 681 682 692 725 
680 638 678 679 684 686 701 707 
681 679 
682 679 
683 684 
684 638 652 680 683 
685 686 
686 643 680 685 
687 688 
688 631 654 687 731 
689 690 
690 603 661 689 
691 588 665 693 725 737 3768 
692 679 
693 691 694 725 
694 693 
695 629 656 696 
696 695 
697 698 727 
698 697 
699 611 701 
700 701 
701 578 674 680 699 700 733 
702 586 
703 644 669 712 
704 593 
705 706 708 
706 705 
707 623 680 
708 636 705 709 
709 708 
710 711 
711 657 710 721 
712 636 670 703 713 
713 712 
714 715 
715 714 719 
716 717 
717 631 667 716 
718 719 
719 579 676 715 718 724 726 
720 721 
721 609 711 720 722 
722 721 
723 724 
724 579 615 633 638 649 652 676 719 723 725 
725 651 666 679 691 693 724 3780 
726 719 
727 636 697 728 
728 727 
729 574 
730 731 
731 688 730 
732 733 
733 701 732 735 
734 735 
735 621 733 734 
736 737 
737 657 691 736 
738 739 748 762 
739 738 747 749 756 814 
740 743 
741 742 758 761 778 
742 741 743 744 759 776 803 
743 740 742 745 801 814 1229 
744 742 
745 743 
746 779 
747 739 749 750 774 804 
748 738 751 804 
749 739 747 752 756 775 
750 747 
751 748 2412 
752 749 2413 
753 763 782 802 
754 756 
755 756 786 
756 739 749 754 755 757 790 
757 756 811 812 822 823 
758 741 759 761 777 
759 742 758 813 
760 761 
761 741 758 760 777 779 788 
762 738 776 813 814 
763 753 773 819 
764 765 
765 764 802 
766 770 
767 771 
768 771 
769 770 784 796 
770 766 769 771 772 785 
771 767 768 770 822 823 
772 770 
773 763 780 816 
774 747 
775 749 785 4927 
776 742 762 2416 
777 758 761 813 
778 741 788 794 
779 746 761 780 782 783 788 798 802 
780 773 779 
781 802 4933 
782 753 779 790 799 
783 779 
784 769 785 
785 770 775 784 
786 755 790 802 
787 788 
788 761 778 779 787 
789 2303 2416 
790 756 782 786 802 
791 792 
792 791 793 810 1213 
793 792 803 
794 778 795 803 807 
795 794 
796 769 
797 798 
798 779 797 
799 782 800 1229 1256 
800 799 
801 743 2206 
802 753 765 779 781 786 790 806 820 
803 742 793 794 1401 
804 747 748 
805 806 
806 802 805 
807 794 808 
808 807 821 
809 810 
810 792 809 821 1123 
811 757 1226 
812 757 1227 
813 759 762 777 
814 739 743 762 815 
815 814 
816 773 817 
817 816 818 
818 817 819 4939 
819 763 818 
820 802 
821 808 810 1123 
822 757 771 
823 757 771 
824 825 843 
825 824 828 4461 
826 827 844 857 876 
827 520 826 836 
828 825 833 835 4457 
829 4443 
830 831 854 866 867 868 894 902 903 904 905 909 918 919 931 
831 520 830 
832 833 853 861 865 873 890 
833 828 832 
834 835 891 895 
835 828 834 
836 827 852 870 871 4457 
837 838 852 
838 837 839 
839 838 2350 
840 841 
841 840 4178 
842 860 861 862 4456 
843 824 845 864 
844 826 876 902 
845 843 846 859 869 879 883 893 899 911 
846 845 847 910 
847 846 878 885 886 887 888 
848 854 906 907 908 
849 853 897 
850 853 
851 852 864 872 899 901 
852 836 837 851 
853 832 849 850 854 858 860 862 863 890 
854 830 848 853 855 859 
855 854 4457 
856 881 892 901 
857 826 884 
858 853 859 863 880 882 
859 845 854 858 
860 842 853 
861 832 842 
862 842 853 
863 853 858 882 920 
864 843 851 
865 832 
866 830 
867 830 
868 830 894 898 
869 845 
870 836 884 927 
871 836 928 
872 851 929 
873 832 884 896 900 
874 875 877 880 892 
875 874 893 894 
876 826 844 
877 874 891 927 928 929 
878 847 
879 845 899 
880 858 874 890 
881 856 882 930 
882 858 863 881 883 
883 845 882 
884 857 870 873 927 
885 847 
886 847 
887 847 
888 847 
889 901 928 
890 832 853 880 
891 834 877 895 
892 856 874 893 
893 845 875 892 
894 830 868 875 895 896 
895 834 891 894 
896 873 894 
897 849 
898 868 929 
899 845 851 879 
900 873 927 
901 851 856 889 927 928 930 
902 830 844 
903 830 
904 830 
905 830 
906 848 
907 848 
908 848 
909 830 
910 846 
911 845 916 917 
912 916 
913 916 
914 917 
915 917 
916 911 912 913 
917 911 914 915 
918 830 
919 830 
920 863 925 926 
921 925 
922 925 
923 926 
924 926 
925 920 921 922 
926 920 923 924 
927 870 877 884 900 901 928 
928 871 877 889 901 927 
929 872 877 898 
930 881 901 
931 830 
932 1013 1052 
933 934 935 968 
934 933 968 
935 933 940 
936 937 953 1009 1049 
937 936 
938 939 955 960 983 
939 938 1015 1035 1050 
940 935 941 993 1013 
941 940 945 958 
942 943 1002 1004 1027 
943 942 944 994 1027 
944 943 1005 1057 
945 941 946 
946 945 
947 948 949 963 1046 1047 
948 947 950 961 1042 
949 947 950 969 1033 
950 948 949 970 977 999 
951 952 974 1022 1023 1055 
952 951 982 1010 1029 1051 
953 936 972 1049 
954 982 
955 938 956 1014 1049 
956 955 
957 958 992 1048 
958 941 957 1005 
959 964 986 
960 938 1054 
961 948 992 
962 990 1012 1029 
963 947 1024 
964 959 965 972 1020 
965 964 996 
966 967 1025 
967 966 1005 1056 
968 933 934 994 1020 
969 949 970 995 
970 950 969 1025 1036 
971 972 
972 953 964 971 1020 
973 1022 1023 1030 
974 951 1009 1053 
975 1033 1047 
976 991 1046 
977 950 1004 
978 67 979 1035 
979 978 4854 
980 981 1014 1054 
981 980 
982 952 954 
983 938 984 1049 
984 983 
985 1009 1011 1043 
986 959 987 988 
987 986 
988 79 986 996 
989 993 
990 962 1010 1053 
991 976 992 997 1046 
992 957 961 991 1048 
993 940 989 998 
994 943 968 1027 
995 969 1000 
996 183 965 988 1005 1056 
997 991 1033 
998 993 
999 950 1025 
1000 995 1001 
1001 1000 1004 
1002 942 1044 
1003 1020 1027 
1004 942 977 1001 1005 1006 1007 1008 1013 1025 1036 1048 
1005 944 958 967 996 1004 1056 
1006 1004 
1007 1004 
1008 1004 
1009 936 974 985 1010 1055 
1010 952 990 1009 
1011 985 1012 1043 
1012 962 1011 
1013 932 940 1004 
1014 955 980 1015 
1015 939 1014 1016 
1016 1015 
1017 1018 1021 
1018 1017 1030 1045 1049 
1019 1020 
1020 964 968 972 1003 1019 
1021 1017 1045 1049 1058 
1022 951 973 1049 1058 
1023 951 973 1049 1058 
1024 963 1025 
1025 966 970 999 1004 1024 1026 1042 1044 
1026 1025 
1027 942 943 994 1003 
1028 1029 
1029 68 104 952 962 1028 1032 1037 1038 1039 4893 
1030 973 1018 1031 1045 
1031 1030 1051 
1032 1029 4901 
1033 949 975 997 1034 
1034 1033 1048 
1035 939 978 
1036 970 1004 
1037 1029 
1038 1029 
1039 1029 
1040 1041 1043 1055 
1041 1040 
1042 948 1025 
1043 985 1011 1040 
1044 1002 1025 
1045 1018 1021 1030 1058 
1046 947 976 991 
1047 947 975 
1048 957 992 1004 1034 
1049 936 953 955 983 1018 1021 1022 1023 1050 1051 
1050 939 1049 
1051 68 952 1031 1049 1057 
1052 932 
1053 974 990 
1054 104 960 980 
1055 951 1009 1040 
1056 967 996 1005 
1057 944 1051 
1058 1021 1022 1023 1045 
1059 1060 1061 1541 2001 2034 
1060 1059 1443 
1061 1059 1443 
1062 1064 1159 1330 1624 1808 
1063 1175 
1064 1062 1090 1118 
1065 1851 1900 2068 
1066 1067 1417 1968 
1067 1066 1418 
1068 1069 1195 1196 1299 1496 1497 1565 
1069 1068 1268 1370 
1070 1552 1614 2027 
1071 1072 1190 1207 1279 1313 1468 1553 
1072 1071 1191 1312 
1073 1075 1158 1505 
1074 1075 1216 1904 
1075 1073 1074 
1076 1223 
1077 1078 1243 1305 1312 1458 
1078 1077 
1079 1333 1558 
1080 1153 1559 1941 
1081 1223 1509 1727 1749 
1082 1294 1445 1502 
1083 1097 1223 
1084 1085 1086 1350 1366 1419 1477 
1085 1084 1087 1090 1096 
1086 1084 1087 1089 1219 1222 1623 
1087 1085 1086 1090 1400 
1088 1310 1445 1555 
1089 1086 1090 1107 1164 1495 1629 1958 2016 
1090 1064 1085 1087 1089 1091 1165 1352 1428 1503 1524 
1091 1090 1487 
1092 1093 1094 2095 2134 
1093 1092 1176 1446 
1094 1092 1385 1445 2070 2090 2158 
1095 1096 1284 2108 
1096 1085 1095 1342 1378 
1097 1083 1098 1192 1489 1676 1712 1730 1913 
1098 1097 1333 
1099 1100 1275 1529 2061 2175 2178 
1100 1099 1276 2138 
1101 1102 1225 1337 1421 1572 
1102 1101 1142 1441 
1103 1459 1555 1716 1752 2060 2120 
1104 1105 1144 1178 1665 1947 
1105 1104 1106 1135 1142 1179 1248 1316 1322 1809 1876 
1106 1105 1136 1266 1364 
1107 1089 1239 1495 
1108 1209 1470 1494 
1109 1110 
1110 1109 1458 
1111 1578 1580 
1112 1115 
1113 1836 1931 
1114 1542 1602 1968 
1115 1112 1452 1453 1498 1551 
1116 1188 1435 1460 1462 1583 2194 
1117 1118 1824 
1118 316 1064 1117 1175 1428 4436 
1119 1824 1955 
1120 1121 
1121 1120 1162 1274 
1122 1242 1312 1458 
1123 810 821 1575 2020 
1124 426 1475 
1125 1126 1127 
1126 1125 1862 
1127 1125 1352 1400 
1128 1186 1225 
1129 1829 1941 
1130 1242 1307 1329 2556 
1131 1134 1492 1604 
1132 1241 1322 1608 
1133 1415 1530 1609 
1134 1131 1450 1533 
1135 1105 1136 1137 1138 
1136 1106 1135 
1137 1135 
1138 1135 
1139 1300 1331 1344 1360 1457 1485 1618 1619 
1140 1141 
1141 1140 1473 1873 
1142 1102 1105 1433 1621 
1143 1221 
1144 1104 1490 1954 
1145 1147 
1146 1147 1165 1206 2062 2063 
1147 1145 1146 1166 1339 1451 
1148 1149 1695 
1149 1148 1274 1282 
1150 1334 1355 1472 1488 1529 
1151 1169 1356 1483 
1152 1404 1729 
1153 1080 1196 
1154 1155 1773 1970 
1155 1154 1160 1220 1259 
1156 1325 1735 1748 
1157 1158 1504 1683 1769 1904 
1158 1073 1157 1165 1169 1321 1415 1505 
1159 1062 1955 2091 
1160 1155 1259 1500 
1161 1162 1240 1516 1640 
1162 1121 1161 1298 
1163 1434 1864 2183 2188 
1164 1089 1165 1776 1852 2014 
1165 1090 1146 1158 1164 1166 1167 1412 1437 1524 1645 
1166 1147 1165 1243 1540 
1167 1165 
1168 1169 1402 
1169 1151 1158 1168 1170 1174 1200 1308 1483 1485 1530 
1170 1169 1402 
1171 2179 
1172 1467 1483 1485 1486 1530 1648 
1173 1183 1517 
1174 1169 1200 1466 
1175 1063 1118 1503 
1176 1093 1177 1264 1386 
1177 284 1176 1339 
1178 1104 
1179 1105 
1180 1734 2163 
1181 1189 1397 
1182 487 1466 
1183 1173 2446 
1184 1441 
1185 1948 2049 2074 
1186 1128 1468 
1187 1188 
1188 1116 1187 1233 
1189 1181 1190 1844 
1190 1071 1189 1191 1245 1406 
1191 1072 1190 1329 
1192 1097 1527 
1193 1194 1677 
1194 1193 1415 1451 1520 
1195 1068 1196 
1196 1068 1153 1195 
1197 1348 1511 
1198 1199 1347 1890 
1199 1198 1891 
1200 487 1169 1174 1308 
1201 1202 1203 
1202 1201 1363 
1203 1201 1252 1487 
1204 1289 1448 2085 
1205 1206 1358 1704 1865 1988 2036 
1206 1146 1205 
1207 1071 1440 1793 
1208 1308 1466 1678 
1209 1108 1210 1535 2075 
1210 1209 
1211 1212 1769 
1212 1211 1345 
1213 792 1773 
1214 1215 
1215 410 1214 1511 
1216 1074 1424 
1217 1246 1384 1449 1686 
1218 1406 1416 1688 1766 1911 
1219 1086 1250 
1220 1155 1291 
1221 1143 1253 
1222 1086 1523 
1223 1076 1081 1083 1224 1261 1431 1593 1646 1726 1745 1798 2193 
1224 1223 1325 
1225 1101 1128 1708 
1226 811 1230 
1227 812 1230 
1228 1253 1477 1523 
1229 743 799 1230 1401 
1230 1226 1227 1229 1487 
1231 1238 1245 
1232 1233 
1233 1188 1232 1460 
1234 1235 1576 1722 1901 
1235 1234 1236 
1236 1235 1333 1809 
1237 1238 1531 
1238 1231 1237 1328 1482 
1239 1107 
1240 1161 1354 
1241 1132 1290 1724 1725 1994 
1242 1122 1130 1266 1307 1382 1422 
1243 1077 1166 1266 1305 1364 1506 
1244 1504 1677 
1245 1190 1231 
1246 1217 1383 
1247 411 1912 
1248 1105 1255 
1249 1288 1500 
1250 1219 1388 1419 
1251 1252 1296 1342 1348 
1252 1203 1251 1303 
1253 1221 1228 
1254 1569 1761 1797 
1255 1248 1325 1762 
1256 799 1257 1291 1352 1401 1991 
1257 1256 1487 
1258 1259 
1259 1155 1160 1258 
1260 1262 
1261 1223 
1262 1260 1431 
1263 1798 
1264 1176 
1265 1266 
1266 1106 1242 1243 1265 1312 1458 
1267 1268 1409 1471 1775 2181 
1268 1069 1267 1372 
1269 1270 
1270 1269 1633 
1271 1272 1273 1568 1585 1625 1927 
1272 1271 1360 
1273 1271 1449 
1274 1121 1149 1306 
1275 1099 1276 1277 1351 1465 1488 
1276 1100 1275 2202 
1277 1275 1278 1434 1488 2119 
1278 1277 1308 1462 
1279 1071 1280 1522 1785 
1280 1279 1312 
1281 1282 1700 
1282 1149 1281 1376 
1283 1473 1525 1683 1834 
1284 1095 2140 
1285 1299 1534 1799 
1286 1288 
1287 1288 1800 
1288 1249 1286 1287 1352 1933 
1289 1204 1408 
1290 1241 1802 1993 
1291 1220 1256 
1292 1293 
1293 1292 1303 1305 
1294 1082 
1295 1296 1349 1425 1628 
1296 434 1251 1295 
1297 1298 1301 1531 1561 1804 2157 
1298 1162 1297 1328 1804 
1299 1068 1285 1300 1806 
1300 1139 1299 
1301 1297 1397 
1302 1303 
1303 1252 1293 1302 
1304 1305 
1305 1077 1243 1293 1304 1432 
1306 1274 1307 1811 2059 
1307 1130 1242 1306 1475 2593 
1308 1169 1200 1208 1278 1309 1315 1435 1813 2137 2138 2184 
1309 1308 1539 
1310 1088 1311 1445 2035 2190 2191 
1311 1310 1446 
1312 1072 1077 1122 1266 1280 1372 1442 
1313 1071 1314 1911 
1314 1313 1815 
1315 1308 1466 1816 
1316 1105 1405 1818 
1317 1318 
1318 1317 1331 1457 
1319 1439 1526 
1320 1411 1504 1521 2155 
1321 1158 1415 
1322 1105 1132 1323 1337 1373 2096 2097 
1323 1322 1364 
1324 1325 1821 1880 
1325 1156 1224 1255 1324 1326 1327 1423 1578 1579 1820 
1326 1325 1432 1458 
1327 1325 
1328 1238 1298 1329 1482 
1329 1130 1191 1328 
1330 1062 1633 
1331 1139 1318 1344 
1332 1333 1345 1630 1676 2015 
1333 1079 1098 1236 1332 1368 1390 1395 1437 1501 1505 1514 
1334 1150 1355 1557 
1335 1336 
1336 1335 1662 1996 
1337 1101 1322 1830 
1338 1339 1340 1461 
1339 1147 1177 1338 1539 
1340 1338 1447 
1341 1342 1363 1426 1507 1859 
1342 1096 1251 1341 
1343 1344 
1344 1139 1331 1343 2179 
1345 1212 1332 1760 
1346 1446 1460 1841 
1347 1198 1348 1425 1448 1628 
1348 1197 1251 1347 
1349 1295 1363 
1350 1084 2016 
1351 1275 1434 1465 2188 
1352 1090 1127 1256 1288 1353 1378 1858 
1353 1352 
1354 1240 1561 
1355 1150 1334 1356 1488 1529 1557 2006 2119 
1356 1151 1355 2138 
1357 1734 1764 
1358 1205 1718 1866 2043 
1359 1360 1362 1774 1928 1949 
1360 1139 1272 1359 1361 1443 1449 1486 1863 
1361 1360 1370 
1362 1359 1470 1918 
1363 1202 1341 1349 
1364 1106 1243 1323 1372 1499 
1365 1489 1515 
1366 1084 1387 1399 1623 
1367 1368 1902 1974 
1368 1333 1367 1551 
1369 1370 1494 
1370 1069 1361 1369 1402 1444 1537 1538 
1371 1372 1373 1450 
1372 1268 1312 1364 1371 
1373 1322 1371 1450 
1374 1375 
1375 1374 1421 
1376 1282 1381 1405 
1377 1378 1399 1592 2020 2103 
1378 1096 1352 1377 
1379 1501 1505 1892 
1380 1381 1396 
1381 1376 1380 1382 
1382 1242 1381 1475 
1383 1246 1894 
1384 1217 1894 
1385 1094 1386 2095 2158 
1386 1176 1385 
1387 1366 1398 
1388 1250 1477 1631 
1389 1390 1424 1438 
1390 1333 1389 1412 
1391 1425 
1392 1396 1403 
1393 1514 
1394 1395 
1395 1333 1394 
1396 1380 1392 
1397 1181 1301 
1398 1387 1399 
1399 1366 1377 1398 1400 1851 
1400 1087 1127 1399 
1401 803 1229 1256 
1402 1168 1170 1370 1484 1539 1540 
1403 1392 
1404 1152 1405 
1405 1316 1376 1404 1421 
1406 1190 1218 
1407 1797 1979 1982 
1408 1289 1469 
1409 1267 1418 1497 2112 
1410 1411 
1411 1320 1410 1504 
1412 1165 1390 2192 
1413 1415 
1414 1415 1521 1843 1873 
1415 1133 1158 1194 1321 1413 1414 1919 
1416 1218 1920 
1417 1066 1418 1454 1827 
1418 1067 1409 1417 1452 1453 1534 1922 1962 
1419 1084 1250 
1420 1421 
1421 1101 1375 1405 1420 1422 
1422 1242 1421 
1423 421 1325 1923 
1424 1216 1389 2015 
1425 1295 1347 1391 
1426 1341 1448 
1427 1428 2068 
1428 1090 1118 1427 
1429 1430 1431 1973 
1430 1429 1432 
1431 1223 1262 1429 
1432 1305 1326 1430 
1433 1142 1929 
1434 1163 1277 1351 1435 2183 
1435 1116 1308 1434 1461 
1436 1782 1934 
1437 1165 1333 1810 
1438 1389 1439 1515 1525 1883 
1439 1319 1438 1810 
1440 1207 1441 1793 
1441 1102 1184 1440 1442 1536 1547 1986 
1442 1312 1441 
1443 1060 1061 1360 1444 
1444 1370 1443 
1445 1082 1088 1094 1310 1446 2076 
1446 1093 1311 1346 1445 2194 
1447 1340 1460 
1448 1204 1347 1426 
1449 1217 1273 1360 
1450 1134 1371 1373 1471 2117 2118 
1451 1147 1194 1540 
1452 1115 1418 1455 
1453 1115 1418 1456 
1454 1417 1455 1456 1597 
1455 1452 1454 
1456 1453 1454 
1457 1139 1318 1951 
1458 1077 1110 1122 1266 1326 
1459 1103 1460 2071 2073 2080 2094 2104 2107 2122 2143 
1460 1116 1233 1346 1447 1459 2123 2124 
1461 1338 1435 1462 
1462 1116 1278 1461 1952 
1463 1465 
1464 1465 
1465 1275 1351 1463 1464 1907 
1466 1174 1182 1208 1315 2137 
1467 1172 1483 1747 1953 2187 
1468 1071 1186 
1469 1408 2111 
1470 1108 1362 2172 2187 
1471 1267 1450 1496 2127 2128 
1472 1150 1529 2130 
1473 1141 1283 1474 2041 
1474 1473 
1475 1124 1307 1382 
1476 1477 
1477 1084 1228 1388 1476 2049 2085 
1478 1479 
1479 1478 1534 
1480 563 
1481 563 
1482 1238 1328 
1483 1151 1169 1172 1467 1484 2156 
1484 1402 1483 
1485 1139 1169 1172 
1486 1172 1360 1530 
1487 1091 1203 1230 1257 
1488 1150 1275 1277 1355 2119 2137 2138 2178 
1489 1097 1365 
1490 1144 1620 1759 1983 
1491 1492 1564 1709 1985 
1492 1131 1491 
1493 1522 1536 1987 
1494 1108 1369 1918 
1495 1089 1107 2009 
1496 1068 1471 
1497 1068 1409 
1498 1115 1499 1876 1993 1994 
1499 1364 1498 
1500 1160 1249 
1501 1333 1379 1998 
1502 1082 
1503 1090 1175 
1504 1157 1244 1320 1411 
1505 1073 1158 1333 1379 1506 1511 1513 1817 2201 
1506 1243 1505 1540 
1507 1341 1875 
1508 1509 
1509 1081 1508 1979 
1510 1593 1890 2018 
1511 1197 1215 1505 1512 2019 
1512 1511 1735 2021 
1513 1505 
1514 1333 1393 1817 
1515 1365 1438 1924 2026 
1516 1161 1517 
1517 1173 1516 
1518 1520 
1519 1520 1587 
1520 1194 1518 1519 
1521 1320 1414 1843 
1522 1279 1493 1978 2030 
1523 1222 1228 1524 1631 1948 
1524 1090 1165 1523 
1525 1283 1438 1925 
1526 1319 2192 
1527 1192 1528 1693 1694 1761 2125 
1528 1527 1558 
1529 1099 1150 1355 1472 1530 1532 1535 2075 2172 
1530 1133 1169 1172 1486 1529 
1531 1237 1297 2157 
1532 1529 
1533 1134 
1534 1285 1418 1479 
1535 1209 1529 2175 
1536 1441 1493 
1537 1370 
1538 1370 
1539 1309 1339 1402 
1540 1166 1402 1451 1506 
1541 1059 1643 1937 
1542 1114 1610 
1543 1546 1831 
1544 1574 2039 
1545 1552 1887 
1546 1543 1547 1594 1637 1707 1732 1743 
1547 1441 1546 
1548 1781 2109 
1549 1621 1930 
1550 1778 1992 
1551 1115 1368 
1552 1070 1545 
1553 1071 1652 1669 1719 1739 1838 1889 1956 2141 
1554 1560 1840 
1555 1088 1103 
1556 1711 1845 
1557 1334 1355 
1558 1079 1528 
1559 1080 1780 
1560 1554 1818 
1561 1297 1354 2157 
1562 1688 1786 1856 
1563 1568 1949 
1564 1491 1744 
1565 1068 1566 1567 
1566 1565 
1567 1565 
1568 1271 1563 
1569 1254 1617 
1570 1727 1880 
1571 1684 1739 
1572 1101 1573 2052 
1573 1572 2098 2114 
1574 1544 1684 1945 
1575 1123 1592 
1576 1234 1630 
1577 1644 1984 
1578 1111 1325 1656 
1579 1325 1986 
1580 1111 1581 
1581 1580 1763 
1582 1690 1917 2086 
1583 1116 1598 1854 1855 1950 1999 2011 
1584 1720 1744 
1585 1271 1701 1927 
1586 1587 1866 
1587 1519 1586 
1588 1598 1678 1999 2149 
1589 1715 1853 
1590 1621 1929 
1591 1700 2047 
1592 1377 1575 
1593 1223 1510 
1594 1546 
1595 1959 2037 
1596 1597 
1597 1454 1596 1685 
1598 1583 1588 2011 
1599 1600 1921 2096 2097 
1600 1599 1837 1971 
1601 2000 2129 2150 
1602 1114 1685 
1603 1647 1772 1822 
1604 1131 1698 1819 2042 
1605 1644 
1606 1673 1772 
1607 1969 1997 
1608 1132 1724 2064 2147 
1609 1133 
1610 1542 1759 
1611 1612 1626 1780 
1612 1611 1846 
1613 1653 1953 2156 
1614 1070 1658 
1615 1833 2001 
1616 1619 1699 
1617 1569 1901 
1618 1139 1881 
1619 1139 1616 1699 
1620 1490 1947 
1621 1142 1549 1590 1622 1691 
1622 1621 1661 2013 2098 2114 
1623 1086 1366 
1624 1062 2003 
1625 1271 2002 
1626 1611 1663 
1627 1662 1808 
1628 1295 1347 
1629 1089 1728 
1630 1332 1576 
1631 1388 1523 
1632 1812 1847 1963 
1633 1270 1330 
1634 1666 1702 
1635 1737 1823 
1636 1737 
1637 1546 1929 
1638 1910 2091 
1639 1765 1803 
1640 1161 
1641 1688 1803 
1642 1698 2066 
1643 1541 1750 1908 2034 
1644 1577 1605 
1645 1165 1863 
1646 1223 1915 
1647 1603 1806 
1648 1172 1751 1953 2067 
1649 1787 2014 
1650 1794 1796 
1651 1758 1878 
1652 1553 1741 1789 2037 2038 
1653 1613 1751 1882 
1654 1896 
1655 1896 
1656 1578 
1657 1770 1785 
1658 1614 1825 
1659 1826 1891 
1660 1661 1819 1849 
1661 1622 1660 1721 2066 
1662 1336 1627 
1663 1626 2162 
1664 1861 1914 
1665 1104 1666 
1666 1634 1665 
1667 1807 1889 
1668 1669 1753 
1669 1553 1668 1684 
1670 1788 2012 
1671 1815 
1672 1686 1896 
1673 1606 1799 
1674 1705 
1675 1676 1905 
1676 1097 1332 1675 
1677 1193 1244 
1678 1208 1588 
1679 1733 1802 
1680 1874 2036 
1681 1833 1928 
1682 1777 
1683 1157 1283 
1684 1571 1574 1669 1785 1877 1914 
1685 1597 1602 
1686 1217 1672 1687 1896 2166 
1687 1686 
1688 1218 1562 1641 1713 1856 
1689 1690 1860 2096 
1690 1582 1689 1917 
1691 1621 1868 
1692 1857 1906 
1693 1527 1730 
1694 1527 1966 
1695 1148 1825 
1696 2030 
1697 1775 1981 
1698 1604 1642 1775 
1699 1616 1619 
1700 1281 1591 
1701 1585 2002 2166 
1702 1634 1779 1840 
1703 1723 1975 
1704 1205 1852 
1705 1674 2006 
1706 1828 2018 
1707 1546 1794 
1708 1225 1796 1869 2099 
1709 1491 1829 
1710 1895 1920 
1711 1556 1903 
1712 1097 1842 2193 
1713 1688 1738 
1714 1960 2110 
1715 1589 1888 1920 
1716 1103 2135 
1717 1954 
1718 1358 1848 
1719 1553 
1720 1584 1721 1929 
1721 1661 1720 
1722 1234 1974 
1723 1703 1794 
1724 1241 1608 1944 2079 
1725 1241 1754 1976 
1726 1223 1777 
1727 1081 1570 
1728 1629 1996 
1729 1152 1912 
1730 1097 1693 
1731 2112 2116 2129 
1732 1546 2051 
1733 1679 1757 1801 2050 
1734 1180 1357 
1735 1156 1512 
1736 1737 
1737 1635 1636 1736 
1738 1713 1784 
1739 1553 1571 
1740 1742 1792 2024 
1741 1652 1742 2161 
1742 1740 1741 
1743 1546 1869 
1744 1564 1584 
1745 1223 
1746 1747 1903 2007 2182 
1747 1467 1746 
1748 1156 1821 1884 
1749 1081 
1750 1643 
1751 1648 1653 2156 
1752 1103 1864 
1753 1668 1789 1832 
1754 1725 1755 2079 
1755 1754 2086 
1756 1846 1881 1908 
1757 1733 1781 
1758 1651 1781 
1759 1490 1610 1897 2087 
1760 1345 1998 
1761 1254 1527 
1762 1255 1879 
1763 1581 
1764 1357 2041 
1765 1639 1766 
1766 1218 1765 
1767 1839 
1768 1832 2031 
1769 1157 1211 
1770 1657 1898 
1771 1877 2051 
1772 1603 1606 
1773 1154 1213 
1774 1359 1949 
1775 1267 1697 1698 1868 1885 1961 
1776 1164 1848 
1777 1682 1726 
1778 1550 1847 
1779 1702 1946 
1780 1559 1611 
1781 1548 1757 1758 2010 
1782 1436 1899 
1783 421 
1784 1738 1909 
1785 1279 1657 1684 1906 2040 
1786 1562 1895 
1787 1649 1958 
1788 1670 1815 
1789 1652 1753 
1790 1792 
1791 1792 
1792 1740 1790 1791 2024 
1793 1207 1440 1795 
1794 1650 1707 1723 1795 1975 
1795 1793 1794 
1796 1650 1708 
1797 1254 1407 
1798 1223 1263 
1799 1285 1673 1806 
1800 1287 1995 
1801 1733 2000 
1802 1290 1679 
1803 1639 1641 
1804 1297 1298 
1805 1846 
1806 1299 1647 1799 2162 
1807 1667 1838 
1808 1062 1627 
1809 1105 1236 
1810 1437 1439 
1811 1306 1850 
1812 1632 2010 
1813 1308 1919 
1814 2022 2030 
1815 1314 1671 1788 
1816 1315 2148 2149 
1817 1505 1514 
1818 1316 1560 
1819 1604 1660 2042 
1820 1325 1922 
1821 1324 1748 
1822 1603 1963 
1823 1635 1913 
1824 1117 1119 
1825 1658 1695 
1826 1659 2019 2045 
1827 1417 2005 
1828 1706 2033 
1829 1129 1709 
1830 1337 1837 2154 
1831 1543 1929 
1832 1753 1768 
1833 1615 1681 
1834 1283 
1835 1951 
1836 1113 2048 
1837 1600 1830 2098 
1838 1553 1807 1839 
1839 1767 1838 
1840 1554 1702 
1841 1346 2069 2078 2121 
1842 1712 1980 
1843 1414 1521 2155 
1844 1189 
1845 1556 1882 
1846 1612 1756 1805 
1847 1632 1778 
1848 1718 1776 
1849 1660 2117 2118 
1850 1811 
1851 1065 1399 
1852 1164 1704 
1853 1589 1888 
1854 1583 1950 1999 
1855 1583 1950 
1856 1562 1688 
1857 1692 2022 
1858 1352 1991 
1859 1341 
1860 1689 2097 
1861 1664 2038 
1862 1126 1932 
1863 1360 1645 
1864 1163 1752 
1865 1205 
1866 1358 1586 
1867 1916 1998 
1868 1691 1775 2105 
1869 1708 1743 
1870 1871 1872 2066 
1871 1870 2128 
1872 1870 2127 
1873 1141 1414 
1874 1680 
1875 1507 2140 
1876 1105 1498 
1877 1684 1771 
1878 1651 1992 
1879 1762 
1880 1324 1570 
1881 1618 1756 
1882 1653 1845 1953 
1883 1438 
1884 1748 1923 2046 
1885 1775 
1886 2144 2156 
1887 1545 
1888 1715 1853 
1889 1553 1667 
1890 1198 1510 
1891 1199 1659 
1892 1379 1916 2029 
1893 1894 1935 
1894 1383 1384 1893 
1895 1710 1786 
1896 1654 1655 1672 1686 1949 
1897 1759 2087 
1898 1770 1957 1959 
1899 1782 1900 
1900 1065 1899 
1901 1234 1617 
1902 1367 1989 
1903 1711 1746 
1904 1074 1157 
1905 1675 1940 
1906 1692 1785 
1907 1465 2061 
1908 1643 1756 
1909 1784 1977 
1910 1638 
1911 1218 1313 
1912 1247 1729 
1913 1097 1823 
1914 1664 1684 
1915 1646 
1916 1867 1892 1998 
1917 1582 1690 
1918 1362 1494 
1919 1415 1813 
1920 1416 1710 1715 
1921 1599 2118 2150 
1922 1418 1820 
1923 1423 1884 
1924 1515 
1925 1525 1939 
1926 1976 2079 
1927 1271 1585 2002 2176 
1928 1359 1681 1937 
1929 1433 1590 1637 1720 1831 2195 
1930 1549 
1931 1113 1943 
1932 1862 1933 1934 1943 2115 
1933 1288 1932 
1934 1436 1932 
1935 1893 1936 
1936 1935 
1937 1541 1928 
1938 1939 
1939 1925 1938 2026 
1940 1905 
1941 1080 1129 
1942 1998 2029 
1943 1931 1932 
1944 1724 2088 2097 2113 2147 
1945 1574 2032 
1946 1779 
1947 1104 1620 
1948 1185 1523 
1949 1359 1563 1774 1896 
1950 1583 1854 1855 2011 
1951 1457 1835 
1952 1462 2055 2136 2139 2142 2185 2186 
1953 1467 1613 1648 1882 
1954 1144 1717 
1955 1119 1159 
1956 1553 
1957 1898 2037 
1958 1089 1787 
1959 1595 1898 
1960 1714 2028 2116 
1961 1775 1962 1963 2028 
1962 1418 1961 
1963 1632 1822 1961 
1964 1965 2018 2033 
1965 1964 
1966 1694 
1967 1982 2125 
1968 1066 1114 1969 
1969 1607 1968 
1970 1154 1990 
1971 1600 2132 
1972 2008 2009 
1973 1429 
1974 1367 1722 
1975 1703 1794 
1976 1725 1926 2050 
1977 1909 1978 2174 
1978 1522 1977 
1979 1407 1509 
1980 1842 
1981 1697 1985 
1982 1407 1967 
1983 1490 
1984 1577 2077 2160 
1985 1491 1981 
1986 1441 1579 
1987 1493 
1988 1205 
1989 1902 2025 
1990 1970 
1991 1256 1858 
1992 1550 1878 1993 1994 
1993 1290 1498 1992 
1994 1241 1498 1992 
1995 1800 2048 
1996 1336 1728 
1997 1607 
1998 1501 1760 1867 1916 1942 2025 
1999 1583 1588 1854 
2000 1601 1801 2113 
2001 1059 1615 
2002 1625 1701 1927 
2003 1624 2074 
2004 2009 
2005 1827 
2006 1355 1705 
2007 1746 
2008 1972 
2009 1495 1972 2004 
2010 1781 1812 
2011 1583 1598 1950 
2012 1670 
2013 1622 2126 
2014 1164 1649 
2015 1332 1424 
2016 1089 1350 2017 
2017 2016 
2018 1510 1706 1964 2019 
2019 1511 1826 2018 2045 2046 
2020 1123 1377 
2021 1512 
2022 1814 1857 
2023 2024 
2024 1740 1792 2023 
2025 1989 1998 
2026 1515 1939 
2027 1070 2059 
2028 1960 1961 
2029 1892 1942 
2030 1522 1696 1814 2174 
2031 1768 2032 2040 
2032 1945 2031 
2033 1828 1964 
2034 1059 1643 
2035 1310 
2036 1205 1680 
2037 1595 1652 1957 2077 
2038 1652 1861 2039 
2039 1544 2038 
2040 1785 2031 
2041 1473 1764 
2042 1604 1819 
2043 1358 2044 
2044 2043 
2045 1826 2019 2046 
2046 1884 2019 2045 
2047 1591 
2048 1836 1995 
2049 1185 1477 
2050 1733 1976 
2051 1732 1771 
2052 1572 2195 
2053 2088 2118 2150 
2054 2080 2106 
2055 1952 2083 
2056 2058 2059 
2057 2105 
2058 2056 
2059 1306 2027 2056 
2060 1103 2106 
2061 1099 1907 
2062 1146 2123 
2063 1146 2124 
2064 1608 2096 
2065 2139 2185 2186 
2066 1642 1661 1870 
2067 1648 
2068 1065 1427 
2069 1841 2100 
2070 1094 2164 2165 
2071 1459 2072 
2072 2071 2100 2107 
2073 1459 2100 
2074 1185 2003 
2075 1209 1529 
2076 1445 2190 
2077 1984 2037 
2078 1841 2094 
2079 1724 1754 1926 
2080 1459 2054 
2081 2082 2084 2136 
2082 2081 2083 2093 
2083 2055 2082 2084 
2084 2081 2083 2142 
2085 1204 1477 
2086 1582 1755 
2087 1759 1897 
2088 1944 2053 2128 
2089 2133 2143 
2090 1094 2189 
2091 1159 1638 
2092 2141 
2093 2082 2106 
2094 1459 2078 
2095 1092 1385 2134 2189 
2096 1322 1599 1689 2064 
2097 1322 1599 1860 1944 
2098 1573 1622 1837 
2099 1708 
2100 2069 2072 2073 2121 
2101 2126 2145 2154 
2102 2144 2156 
2103 1377 2108 
2104 1459 2106 
2105 1868 2057 2153 
2106 2054 2060 2093 2104 
2107 1459 2072 
2108 1095 2103 
2109 1548 2112 
2110 1714 2162 
2111 1469 2163 
2112 1409 1731 2109 
2113 1944 2000 2150 
2114 1573 1622 
2115 1932 
2116 1731 1960 
2117 1450 1849 2150 
2118 1450 1849 1921 2053 
2119 1277 1355 1488 
2120 1103 2136 
2121 1841 2100 
2122 1459 2133 
2123 1460 2062 
2124 1460 2063 
2125 1527 1967 
2126 2013 2101 
2127 1471 1872 2152 
2128 1471 1871 2088 
2129 1601 1731 2152 
2130 1472 2144 
2131 2144 
2132 1971 2145 2153 
2133 2089 2122 
2134 1092 2095 
2135 1716 2155 
2136 1952 2081 2120 2139 
2137 1308 1466 1488 
2138 1100 1308 1356 1488 
2139 1952 2065 2136 
2140 1284 1875 
2141 1553 2092 
2142 1952 2084 
2143 1459 2089 
2144 1886 2102 2130 2131 
2145 2101 2132 2146 
2146 2145 
2147 1608 1944 
2148 1816 2149 
2149 1588 1816 2148 
2150 1601 1921 2053 2113 2117 
2151 2161 
2152 2127 2129 
2153 2105 2132 
2154 1830 2101 
2155 1320 1843 2135 
2156 1483 1613 1751 1886 2102 
2157 1297 1531 1561 
2158 1094 1385 2168 2169 
2159 2160 2161 
2160 1984 2159 
2161 1741 2151 2159 
2162 1663 1806 2110 
2163 1180 2111 
2164 2070 
2165 2070 
2166 1686 1701 
2167 2189 
2168 2158 
2169 2158 
2170 2191 
2171 2191 
2172 1470 1529 
2173 2174 
2174 1977 2030 2173 
2175 1099 1535 
2176 1927 2177 
2177 2176 2182 
2178 1099 1488 
2179 1171 1344 2180 
2180 2179 
2181 1267 2196 
2182 1746 2177 
2183 1163 1434 
2184 1308 2197 
2185 1952 2065 
2186 1952 2065 
2187 1467 1470 
2188 1163 1351 
2189 2090 2095 2167 
2190 1310 2076 2191 
2191 1310 2170 2171 2190 
2192 1412 1526 
2193 1223 1712 
2194 1116 1446 
2195 1929 2052 
2196 2181 
2197 2184 
2198 2199 2203 
2199 2198 2200 
2200 2199 2202 
2201 1505 2203 
2202 1276 2200 
2203 2198 2201 
2204 2209 2210 
2205 2381 
2206 801 2212 
2207 2243 2389 
2208 2411 4742 
2209 2204 2211 
2210 2204 2211 
2211 2209 2210 2212 2281 
2212 394 2206 2211 
2213 2395 4896 
2214 2356 2410 
2215 2369 2386 
2216 2287 2344 
2217 2345 2346 
2218 2243 2331 2372 2396 
2219 2228 
2220 2221 2222 2231 2260 2294 2375 2401 2402 2404 
2221 2220 2222 2223 2228 2320 2417 
2222 392 2220 2221 2228 2234 2382 
2223 2221 2320 2349 
2224 2313 2403 
2225 2227 
2226 2229 2358 
2227 2225 2233 
2228 2219 2221 2222 
2229 2226 2262 
2230 395 2316 2346 2356 
2231 2220 2404 
2232 2304 2360 2408 
2233 2227 2359 
2234 2222 2261 2297 2308 2311 2327 2368 2382 
2235 2237 
2236 2237 
2237 2235 2236 2290 2367 2395 
2238 2284 2312 
2239 2324 2365 
2240 2241 4506 4630 
2241 2240 2248 2309 2354 
2242 2324 2334 
2243 2207 2218 2331 
2244 2314 2420 
2245 2307 2387 2419 
2246 2255 2385 
2247 2248 2249 4534 4535 
2248 2241 2247 2250 2251 2252 2369 2411 4572 4651 
2249 2247 
2250 2248 
2251 2248 
2252 2248 2310 
2253 2280 2378 
2254 2291 2326 
2255 2246 2302 
2256 2281 2406 
2257 2261 
2258 2261 
2259 2261 
2260 2220 
2261 2234 2257 2258 2259 2297 2363 
2262 2229 2305 2356 
2263 2281 2285 
2264 2305 4853 
2265 2271 2413 
2266 2267 2268 2269 2332 2380 
2267 2266 2270 2381 2415 
2268 2266 
2269 2266 
2270 2267 
2271 2265 2333 
2272 2274 
2273 2274 2371 2406 
2274 2272 2273 
2275 2276 2289 2388 
2276 2275 
2277 2319 2370 
2278 2360 2413 
2279 2283 
2280 2253 2281 2335 
2281 388 2211 2256 2263 2280 2282 2283 2301 2303 2371 2374 
2282 395 419 2281 2283 
2283 2279 2281 2282 
2284 2238 2285 2330 2391 
2285 2263 2284 
2286 2333 2386 
2287 2216 2315 
2288 2340 2381 
2289 2275 2291 2367 2376 
2290 2237 2314 
2291 2254 2289 
2292 2347 2366 
2293 2331 2381 
2294 2220 2404 
2295 2297 
2296 2297 
2297 2234 2261 2295 2296 2342 2368 
2298 2299 2406 
2299 2298 2406 
2300 2371 
2301 2281 2353 
2302 2255 2347 2407 
2303 789 2281 2353 
2304 2232 2309 
2305 2262 2264 
2306 385 2329 
2307 2245 2387 2414 
2308 2234 2382 2387 
2309 2241 2304 
2310 2252 2345 
2311 519 2234 2363 4836 
2312 2238 
2313 2224 2320 2358 
2314 2244 2290 
2315 2287 2316 
2316 2230 2315 2369 
2317 2326 2331 
2318 2320 2365 
2319 2277 2320 
2320 2221 2223 2313 2318 2319 2321 2322 2323 2392 
2321 2320 
2322 2320 
2323 2320 
2324 2239 2242 2357 2405 
2325 2328 
2326 2254 2317 2327 2328 2351 2379 2419 
2327 2234 2326 2328 2382 
2328 2325 2326 2327 
2329 2306 2404 
2330 2284 2391 
2331 2218 2243 2293 2317 2372 2388 
2332 2266 2380 
2333 2271 2286 
2334 2242 2348 2370 
2335 2280 2337 2366 2373 
2336 2356 2403 
2337 2335 
2338 2387 2418 
2339 2362 2400 
2340 2288 2381 
2341 2362 4034 
2342 2297 2343 
2343 68 2342 
2344 2216 2345 
2345 2217 2310 2344 
2346 2217 2230 
2347 2292 2302 
2348 2334 2349 2405 
2349 2223 2348 
2350 839 2363 
2351 2326 2387 
2352 2381 2387 
2353 2301 2303 2371 
2354 2241 2386 2410 4633 
2355 2375 2401 
2356 2214 2230 2262 2336 
2357 2324 2370 
2358 2226 2313 
2359 2233 2361 
2360 2232 2278 
2361 2359 2362 
2362 2339 2341 2361 2363 2364 
2363 2261 2311 2350 2362 
2364 2362 4858 
2365 2239 2318 
2366 2292 2335 
2367 2237 2289 2368 2376 2388 
2368 2234 2297 2367 
2369 2215 2248 2316 
2370 2277 2334 2357 
2371 2273 2281 2300 2353 
2372 2218 2331 2396 
2373 2335 2374 2377 
2374 2281 2373 
2375 2220 2355 2402 
2376 2289 2367 
2377 2373 2378 2385 
2378 2253 2377 
2379 2326 2387 
2380 2266 2332 2381 
2381 2205 2267 2288 2293 2340 2352 2380 2382 2383 2384 2394 2397 2418 
2382 2222 2234 2308 2327 2381 
2383 2381 2417 
2384 2381 2417 
2385 2246 2377 2407 
2386 2215 2286 2354 4659 
2387 2245 2307 2308 2338 2351 2352 2379 
2388 2275 2331 2367 
2389 2207 2394 
2390 2393 
2391 2284 2330 2392 2393 2404 
2392 394 2320 2391 2393 
2393 2390 2391 2392 
2394 2381 2389 
2395 2213 2237 4848 
2396 2218 2372 2397 2398 2399 
2397 2381 2396 
2398 2396 
2399 2396 
2400 2339 
2401 2220 2355 
2402 2220 2375 
2403 2224 2336 
2404 2220 2231 2294 2329 2391 
2405 2324 2348 
2406 2256 2273 2298 2299 
2407 2302 2385 
2408 2232 2409 4551 4631 4648 4748 4752 
2409 2408 
2410 2214 2354 
2411 2208 2248 
2412 751 2413 
2413 752 2265 2278 2412 4694 
2414 2307 2415 
2415 2267 2414 
2416 776 789 
2417 2221 2383 2384 
2418 2338 2381 
2419 2245 2326 
2420 2244 2421 
2421 2420 
2422 4490 4562 
2423 2424 
2424 2423 2458 2518 
2425 489 2484 2654 
2426 2728 2729 
2427 2488 2585 2655 
2428 2544 2616 
2429 2594 
2430 2431 2815 
2431 2430 2589 
2432 2577 2660 
2433 2435 2470 2523 2587 2618 2622 2623 2661 2667 2697 2700 2701 
2434 2489 2637 2669 
2435 2433 2585 2671 
2436 2438 
2437 2438 
2438 2436 2437 2448 2528 2595 2630 2632 2638 2681 2682 2884 2990 
2439 4128 4147 4457 
2440 2442 
2441 2442 
2442 2440 2441 2520 2615 2626 
2443 2680 2684 2706 2955 3093 
2444 2603 2684 2707 
2445 2501 2558 3205 
2446 1183 2456 2792 2813 2966 
2447 2544 2596 
2448 2438 2686 3188 
2449 2450 2575 2716 2718 3042 
2450 2449 
2451 2550 2560 2693 
2452 2453 
2453 2452 2559 2585 2696 
2454 2708 2837 3104 3227 
2455 2457 2616 2708 
2456 2446 2457 2792 2929 3003 3010 
2457 2455 2456 2458 2486 2524 2592 2616 2676 2702 
2458 2424 2457 2557 2590 2592 2598 
2459 2460 
2460 2459 2585 2589 
2461 2462 
2462 2461 2653 2990 
2463 2485 2542 2711 2712 
2464 2715 2716 2938 3243 3278 
2465 2716 
2466 2716 
2467 2526 2560 2717 
2468 2595 2638 2722 
2469 2470 
2470 2433 2469 2965 
2471 2492 2587 3215 
2472 2475 2476 2644 
2473 2474 2475 2476 2482 2551 2558 2641 
2474 2473 2502 2518 2557 2590 
2475 2472 2473 3216 
2476 2472 2473 3217 
2477 2809 2863 
2478 2479 2480 2554 
2479 2478 2481 2590 
2480 2478 
2481 2479 
2482 2473 2558 3218 
2483 2504 2735 3089 3090 
2484 2425 2495 2547 2560 2740 2742 2763 2957 
2485 2463 2527 2542 2742 
2486 2457 2616 2631 
2487 2488 2575 2988 3213 3251 
2488 2427 2487 2520 2582 2585 3059 3114 
2489 2434 2494 2497 2729 2947 3016 
2490 2758 
2491 2492 2642 2645 
2492 2471 2491 2587 2626 3013 3015 3223 3224 
2493 2560 2759 3016 
2494 2489 2760 2761 2762 
2495 2484 2765 3016 
2496 2594 2766 2768 3171 
2497 2489 2512 2728 2768 
2498 2537 2543 3077 
2499 2529 2578 2774 2775 3112 3270 
2500 2501 2642 2644 
2501 2445 2500 2502 2551 3015 3225 3226 
2502 2474 2501 2610 
2503 2603 2608 2781 
2504 2483 2521 2782 2784 3048 
2505 2621 2776 2801 
2506 2507 
2507 2506 2518 2612 
2508 2509 2510 2615 2626 
2509 2508 
2510 2508 
2511 3228 
2512 2497 2794 3016 
2513 2514 2594 
2514 2513 2594 2809 3035 3230 
2515 2516 2517 2518 
2516 2515 
2517 2515 
2518 2424 2474 2507 2515 2557 2598 2601 
2519 2532 2594 3004 
2520 2442 2488 2558 2640 3232 
2521 2504 2600 2613 2616 2805 2806 3044 3046 
2522 2610 
2523 2433 2585 2812 
2524 2457 2616 
2525 3233 
2526 2467 2560 2599 2788 2803 2814 
2527 2485 2542 2548 2605 2611 2803 
2528 2438 2553 2873 2916 3185 
2529 2499 2530 2578 2791 2915 2917 3112 3180 
2530 2529 2635 2724 2725 
2531 2556 2611 
2532 2519 2533 2541 2594 2764 2820 2822 3004 3111 3178 
2533 2532 2563 2658 2820 2822 3016 
2534 2535 
2535 2534 2628 2700 
2536 2547 2840 3054 
2537 2498 2538 2543 2549 2550 2553 2919 3122 3123 
2538 2537 2548 2605 
2539 2827 
2540 2582 2827 
2541 489 2532 2727 2764 2833 2834 2835 2951 2996 3067 3111 3173 3206 
2542 489 2463 2485 2527 2831 4218 
2543 2498 2537 2790 2842 2843 2919 2922 
2544 2428 2447 2553 2591 2636 2857 2859 2861 3153 
2545 2547 
2546 2547 
2547 489 2484 2536 2545 2546 2846 2847 2957 3054 
2548 2527 2538 2550 2854 2855 
2549 2537 2550 2560 2848 2849 2852 2853 
2550 2451 2537 2548 2549 2851 
2551 2473 2501 3291 
2552 2720 2800 2808 2842 2844 2869 2870 2871 2873 2907 2921 2970 2994 2998 3095 3127 3140 3148 3283 
2553 2528 2537 2544 2574 2595 2607 2869 2870 2871 3186 
2554 2478 
2555 2620 4098 4316 
2556 1130 2531 2557 
2557 2458 2474 2518 2556 
2558 2445 2473 2482 2520 2626 3241 3242 
2559 2453 2603 2881 
2560 2451 2467 2484 2493 2526 2549 2825 2882 2899 
2561 56 80 132 4128 4444 4447 4460 
2562 2619 2789 3145 3146 
2563 2533 2657 2891 
2564 2676 2816 2893 2940 
2565 2566 
2566 2565 2592 2940 
2567 2894 
2568 2592 2665 2894 
2569 2895 
2570 2897 
2571 2592 2897 2898 
2572 2898 
2573 2574 2691 2811 2905 2935 2971 3096 3280 
2574 2553 2573 2580 2591 2596 2600 2732 2793 2903 2904 2906 2963 3153 
2575 2449 2487 2988 3042 3204 3276 
2576 2587 2640 3013 3246 3247 
2577 2432 2585 2901 
2578 2499 2529 2579 3112 
2579 2578 
2580 2574 
2581 2582 
2582 2488 2540 2581 
2583 2595 2607 2907 
2584 2585 2673 2709 2716 2719 2721 2879 2888 2910 3094 3157 3198 3214 
2585 2427 2435 2453 2460 2488 2523 2577 2584 2603 2910 
2586 2587 
2587 2433 2471 2492 2576 2586 
2588 3250 
2589 2431 2460 2911 
2590 2458 2474 2479 
2591 2544 2574 
2592 2457 2458 2566 2568 2571 2703 2908 
2593 1307 2604 2908 
2594 2429 2496 2513 2514 2519 2532 3004 3156 3178 
2595 2438 2468 2553 2583 2917 2926 2927 2933 
2596 2447 2574 2916 
2597 2598 
2598 2458 2518 2597 
2599 2526 2932 
2600 2521 2574 2935 2963 3048 
2601 2518 
2602 2607 2942 3114 
2603 2444 2503 2559 2585 2608 2952 2954 2955 
2604 2593 2605 2617 2952 
2605 2527 2538 2604 2606 2611 2617 2959 
2606 2605 2607 2610 2653 2732 2793 2958 3187 
2607 2553 2583 2602 2606 2622 2623 2650 2789 2959 3059 
2608 2503 2603 2962 
2609 2639 
2610 2502 2522 2606 2611 3287 3288 
2611 2527 2531 2605 2610 
2612 2507 
2613 2521 2616 2969 
2614 2615 
2615 2442 2508 2614 3265 
2616 2428 2455 2457 2486 2521 2524 2613 2636 2884 2885 2972 2973 
2617 2604 2605 2973 
2618 2433 2965 2975 
2619 2562 2788 2977 
2620 2555 4171 4264 4316 
2621 2505 2637 2701 2992 
2622 2433 2607 2978 
2623 2433 2607 2979 
2624 2626 
2625 2626 
2626 2442 2492 2508 2558 2624 2625 
2627 2981 2989 
2628 2535 2947 2985 2986 
2629 3271 
2630 2438 2633 3282 
2631 2486 3203 
2632 2438 3186 
2633 2630 
2634 2637 
2635 2530 2933 
2636 2544 2616 
2637 2434 2621 2634 
2638 2438 2468 
2639 2609 2964 2965 
2640 2520 2576 3207 
2641 2473 
2642 2491 2500 2643 3211 
2643 2642 2647 3235 3236 
2644 2472 2500 2646 2647 3238 3239 
2645 2491 2647 3253 
2646 2644 2648 3254 3255 3256 3257 3258 3259 
2647 2643 2644 2645 2648 3260 
2648 2646 2647 3272 3273 
2649 3287 3288 
2650 2607 3113 
2651 2759 2794 
2652 3039 3187 
2653 2462 2606 3018 
2654 2425 2739 2765 2824 3175 3177 
2655 2427 2668 3154 
2656 2692 2907 2915 2917 3076 
2657 2563 2666 
2658 2533 2758 
2659 3023 3200 
2660 2432 
2661 2433 2667 2683 2704 2812 2818 2836 2943 2958 2968 3103 3199 
2662 2667 
2663 2798 
2664 2798 
2665 2568 2787 
2666 2657 
2667 2433 2661 2662 
2668 2655 
2669 2434 2794 3004 3007 3220 
2670 2779 2795 3000 3003 3025 3142 
2671 2435 2672 2673 
2672 2671 
2673 2584 2671 2709 2889 3214 
2674 2913 
2675 2676 
2676 2457 2564 2675 
2677 2713 2941 
2678 2679 
2679 489 2678 2983 
2680 2443 
2681 2438 
2682 2438 
2683 2661 2812 
2684 2443 2444 2685 
2685 2684 2777 3002 
2686 2448 2757 2845 2935 3049 3097 3098 
2687 3089 
2688 3090 
2689 2690 
2690 2689 2836 2890 2941 
2691 2573 2935 2971 3144 3179 3261 
2692 2656 2907 3076 3170 3285 
2693 2451 2920 3020 3021 3028 
2694 2978 
2695 2702 2786 
2696 2453 2880 3092 3132 3133 3189 3269 
2697 2433 2698 
2698 2697 
2699 2708 3267 
2700 2433 2535 
2701 2433 2621 3066 
2702 2457 2695 2744 2786 3011 
2703 2592 2895 3102 
2704 2661 
2705 2809 2839 
2706 2443 
2707 2444 
2708 2454 2455 2699 
2709 2584 2673 3198 3214 
2710 2956 3209 3219 3262 
2711 2463 
2712 2463 
2713 2677 2941 
2714 2810 2970 2977 3056 
2715 2464 3243 3278 
2716 2449 2464 2465 2466 2584 2718 2719 3157 4021 4022 
2717 2467 
2718 2449 2716 
2719 2584 2716 
2720 2552 2722 
2721 2584 2756 2879 2888 2972 
2722 2468 2720 2845 
2723 2754 2755 2778 2837 2838 2856 3104 
2724 2530 2725 3060 
2725 2530 2724 3060 
2726 2780 3008 3286 
2727 2541 2951 3061 3206 3264 
2728 2426 2497 2730 
2729 2426 2489 2731 
2730 2728 
2731 2729 
2732 2574 2606 3063 
2733 2737 
2734 2826 
2735 2483 2736 2737 2805 3009 
2736 2735 2737 2778 3192 
2737 2733 2735 2736 
2738 2739 2740 
2739 2654 2738 2759 2765 2882 2931 3040 3041 
2740 2484 2738 2741 
2741 2740 
2742 2484 2485 2743 
2743 2742 
2744 2702 3011 
2745 3080 
2746 3081 
2747 3082 
2748 3083 
2749 3084 
2750 3085 
2751 3086 
2752 3087 
2753 3088 
2754 2723 
2755 2723 2856 
2756 2721 2888 
2757 2686 3098 
2758 2490 2658 
2759 2493 2651 2739 2794 2839 2877 2882 3040 
2760 2494 
2761 2494 
2762 2494 
2763 2484 2764 3016 
2764 2532 2541 2763 3111 
2765 2495 2654 2739 3099 
2766 2496 2767 
2767 2766 
2768 2496 2497 2769 
2769 2768 
2770 2771 2779 2780 
2771 2770 
2772 3001 
2773 2980 3002 
2774 2499 
2775 2499 
2776 2505 
2777 2685 2841 
2778 2723 2736 2837 2838 2856 
2779 2670 2770 2780 3003 3010 
2780 2726 2770 2779 2966 2967 3000 3008 
2781 2503 
2782 2504 2783 2784 3075 
2783 2782 2784 
2784 2504 2782 2783 
2785 2786 
2786 2695 2702 2785 2976 3266 
2787 2665 
2788 2526 2619 
2789 2562 2607 
2790 2543 2791 2922 
2791 2529 2790 2915 3285 
2792 2446 2456 3011 
2793 2574 2606 3107 
2794 2512 2651 2669 2759 
2795 2670 2838 3025 3109 3151 
2796 2797 2799 3174 
2797 2796 2799 2819 2996 3149 3210 3221 3252 
2798 489 2663 2664 2799 2945 2946 
2799 2796 2797 2798 2819 2996 3149 3150 3210 3221 3252 
2800 2552 2921 2994 3283 
2801 2505 
2802 2981 
2803 2526 2527 2804 
2804 2803 
2805 2521 2735 3009 3237 
2806 2521 3167 
2807 2841 
2808 2552 2842 
2809 2477 2514 2705 2839 2863 2985 3035 
2810 2714 2970 
2811 2573 
2812 2523 2661 2683 2902 2975 3078 3115 
2813 2446 2966 2976 2982 3011 
2814 2526 2877 3105 3141 3197 
2815 2430 
2816 2564 2817 
2817 2816 
2818 2661 2836 2865 2943 2958 3130 3199 
2819 2797 2799 2824 2864 2951 
2820 2532 2533 2821 
2821 2820 
2822 2532 2533 2823 
2823 2822 
2824 2654 2819 2864 2951 3176 3177 
2825 2560 3016 
2826 2734 2827 
2827 2539 2540 2826 
2828 2833 
2829 2834 
2830 2835 
2831 489 2542 2832 
2832 2831 
2833 489 2541 2828 
2834 489 2541 2829 
2835 489 2541 2830 
2836 2661 2690 2818 2943 2968 3103 3130 
2837 2454 2723 2778 2838 2856 3227 
2838 2723 2778 2795 2837 3151 3249 
2839 2705 2759 2809 2877 2882 3024 
2840 2536 2931 2934 
2841 2777 2807 2939 2980 3194 
2842 2543 2552 2808 2907 3095 
2843 2543 
2844 2552 2970 
2845 2686 2722 2857 2859 2861 2935 3017 3172 3212 
2846 2547 2931 
2847 2547 
2848 2549 2850 
2849 2549 2850 
2850 2848 2849 2851 2913 2936 3037 3125 3129 3155 3275 
2851 2550 2850 3125 3129 3155 3274 3275 3277 
2852 2549 
2853 2549 
2854 2548 
2855 2548 
2856 2723 2755 2778 2837 3079 
2857 2544 2845 2858 
2858 2857 
2859 2544 2845 2860 
2860 2859 
2861 2544 2845 2862 
2862 2861 
2863 2477 2809 3027 3119 3121 
2864 2819 2824 2951 
2865 2818 2958 
2866 2975 
2867 3134 
2868 3135 
2869 2552 2553 2875 
2870 2552 2553 2876 
2871 2552 2553 2872 
2872 2871 
2873 2528 2552 2874 2916 3185 
2874 2873 
2875 2869 
2876 2870 
2877 2759 2814 2839 2882 2985 3152 3197 
2878 2880 3110 3116 
2879 2584 2721 2881 2888 2997 3094 3196 3229 
2880 2696 2878 2881 3110 3116 3189 
2881 2559 2879 2880 
2882 2560 2739 2759 2839 2877 2899 2985 3040 3152 
2883 3057 3145 3146 
2884 2438 2616 2886 
2885 2616 2887 3188 
2886 2884 
2887 2885 
2888 2584 2721 2756 2879 
2889 2673 
2890 2690 2941 
2891 2563 
2892 2893 2995 2999 3244 
2893 2564 2892 
2894 2567 2568 
2895 2569 2703 2896 
2896 2895 3022 
2897 2570 2571 
2898 2571 2572 
2899 2560 2882 2900 
2900 2899 
2901 2577 
2902 2812 2975 
2903 2574 
2904 2574 
2905 2573 
2906 2574 
2907 2552 2583 2656 2692 2842 2917 3095 
2908 2592 2593 2909 
2909 2908 
2910 2584 2585 
2911 2589 
2912 2922 
2913 2674 2850 3037 3155 3275 3279 
2914 2964 3137 
2915 2529 2656 2791 2917 2925 
2916 2528 2596 2873 3185 
2917 2529 2595 2656 2907 2915 2925 2926 2927 3180 
2918 3166 
2919 2537 2543 
2920 2693 
2921 2552 2800 3050 
2922 2543 2790 2912 
2923 2924 2936 2937 
2924 2923 
2925 2915 2917 2928 
2926 2595 2917 3162 
2927 2595 2917 3163 
2928 2925 
2929 2456 
2930 3046 
2931 2739 2840 2846 2934 3019 3040 3041 3173 
2932 2599 
2933 2595 2635 
2934 2840 2931 
2935 2573 2600 2686 2691 2845 2971 3032 3033 3172 3240 
2936 2850 2923 2937 3155 
2937 2923 2936 2993 3139 
2938 2464 3168 3222 4023 
2939 2841 
2940 2564 2566 3169 
2941 2677 2690 2713 2890 
2942 2602 2979 
2943 2661 2818 2836 2944 3130 3199 
2944 2943 
2945 2798 
2946 2798 
2947 2489 2628 
2948 489 2949 
2949 2948 
2950 2996 
2951 2541 2727 2819 2824 2864 3034 3264 
2952 2603 2604 2953 
2953 2952 
2954 2603 2955 2956 
2955 2443 2603 2954 3093 
2956 2710 2954 3262 
2957 2484 2547 
2958 2606 2661 2818 2865 3062 3108 3120 3147 3160 
2959 2605 2607 2960 
2960 2959 
2961 2962 
2962 2608 2961 
2963 2574 2600 3065 
2964 2639 2914 
2965 2470 2618 2639 
2966 2446 2780 2813 2967 3010 
2967 2780 2966 
2968 2661 2836 3103 
2969 2613 3131 
2970 2552 2714 2810 2844 2977 
2971 2573 2691 2935 
2972 2616 2721 3051 
2973 2616 2617 2974 
2974 2973 
2975 2618 2812 2866 2902 
2976 2786 2813 2982 3202 3266 
2977 2619 2714 2970 3190 3191 
2978 2622 2694 3053 
2979 2623 2942 
2980 2773 2841 3002 
2981 2627 2802 
2982 2813 2976 3231 3234 
2983 2679 2984 2989 
2984 2983 
2985 2628 2809 2877 2882 3106 3152 
2986 2628 3121 
2987 2989 
2988 2487 2575 
2989 2627 2983 2987 
2990 2438 2462 3195 
2991 3196 
2992 2621 3117 3118 
2993 2937 
2994 2552 2800 
2995 2892 3244 
2996 2541 2797 2799 2950 3210 
2997 2879 3196 3229 
2998 2552 
2999 2892 
3000 2670 2780 3001 3142 
3001 2772 3000 
3002 2685 2773 2980 
3003 2456 2670 2779 3124 
3004 2519 2532 2594 2669 3007 3055 3156 3220 
3005 3006 
3006 3005 3246 
3007 2669 3004 3208 3220 3268 
3008 2726 2780 3164 3263 
3009 2735 2805 3237 
3010 2456 2779 2966 
3011 2702 2744 2792 2813 
3012 3013 
3013 2492 2576 3012 
3014 3015 
3015 2492 2501 3014 
3016 2489 2493 2495 2512 2533 2763 2825 
3017 2845 3172 3212 
3018 2653 
3019 2931 3173 
3020 2693 
3021 2693 
3022 2896 
3023 2659 3070 
3024 2839 
3025 2670 2795 
3026 3047 3048 
3027 2863 3121 
3028 2693 
3029 3127 3128 3283 
3030 3100 
3031 3101 
3032 2935 3033 
3033 2935 3032 
3034 2951 
3035 2514 2809 
3036 3040 
3037 2850 2913 3275 
3038 3104 
3039 2652 
3040 2739 2759 2882 2931 3036 3041 
3041 2739 2931 3040 
3042 2449 2575 
3043 3044 3074 3136 
3044 2521 3043 
3045 3046 3072 3134 
3046 2521 2930 3045 
3047 3026 
3048 2504 2600 3026 
3049 2686 3097 
3050 2921 
3051 2972 
3052 3196 
3053 2978 
3054 2536 2547 
3055 3004 
3056 2714 
3057 2883 
3058 3127 3128 
3059 2488 2607 
3060 2724 2725 
3061 2727 
3062 2958 3108 3147 
3063 2732 
3064 3158 3185 3201 
3065 2963 
3066 2701 
3067 2541 
3068 3069 3083 3166 
3069 3068 3072 3088 
3070 3023 3085 3136 3200 
3071 3072 3080 3165 
3072 3045 3069 3071 
3073 3074 3082 3084 
3074 3043 3073 3087 
3075 2782 
3076 2656 2692 
3077 2498 
3078 2812 3115 
3079 2856 
3080 2745 3071 
3081 2746 3100 
3082 2747 3073 
3083 2748 3068 
3084 2749 3073 
3085 2750 3070 
3086 2751 3101 
3087 2752 3074 
3088 2753 3069 
3089 2483 2687 3100 
3090 2483 2688 3101 
3091 3126 3127 
3092 2696 
3093 2443 2955 
3094 2584 2879 
3095 2552 2842 2907 
3096 2573 3280 
3097 2686 3049 
3098 2686 2757 
3099 2765 
3100 3030 3081 3089 
3101 3031 3086 3090 
3102 2703 
3103 2661 2836 2968 
3104 2454 2723 3038 
3105 2814 
3106 2985 
3107 2793 
3108 2958 3062 3147 
3109 2795 
3110 2878 2880 3116 
3111 2532 2541 2764 
3112 2499 2529 2578 
3113 2650 
3114 2488 2602 
3115 2812 3078 
3116 2878 2880 3110 3143 3245 
3117 2992 3118 
3118 2992 3117 
3119 2863 
3120 2958 3160 
3121 2863 2986 3027 3248 
3122 2537 3127 
3123 2537 3127 
3124 3003 
3125 2850 2851 3129 
3126 3091 3127 3128 
3127 2552 3029 3058 3091 3122 3123 3126 3128 3148 3283 
3128 3029 3058 3126 3127 3283 
3129 2850 2851 3125 
3130 2818 2836 2943 
3131 2969 
3132 2696 3133 3269 
3133 2696 3132 3269 
3134 2867 3045 
3135 2868 3136 
3136 3043 3070 3135 
3137 2914 
3138 3155 
3139 2937 
3140 2552 3283 
3141 2814 
3142 2670 3000 
3143 3116 3245 
3144 2691 3179 
3145 2562 2883 
3146 2562 2883 
3147 2958 3062 3108 
3148 2552 3127 
3149 2797 2799 
3150 2799 
3151 2795 2838 3249 
3152 2877 2882 2985 
3153 2544 2574 
3154 2655 
3155 2850 2851 2913 2936 3138 
3156 2594 3004 
3157 2584 2716 
3158 3064 3185 3201 
3159 3173 
3160 2958 3120 
3161 3196 
3162 2926 
3163 2927 
3164 3008 
3165 3071 
3166 2918 3068 
3167 2806 
3168 2938 
3169 2940 
3170 2692 3285 
3171 2496 
3172 2845 2935 3017 3212 
3173 2541 2931 3019 3159 3193 
3174 2796 
3175 2654 
3176 2824 
3177 2654 2824 
3178 2532 2594 
3179 2691 3144 
3180 2529 2917 
3181 3188 
3182 3187 
3183 3186 
3184 3185 
3185 2528 2873 2916 3064 3158 3184 3201 
3186 2553 2632 3183 
3187 2606 2652 3182 3282 
3188 2448 2885 3181 
3189 2696 2880 
3190 2977 
3191 2977 
3192 2736 
3193 3173 
3194 2841 
3195 2990 
3196 2879 2991 2997 3052 3161 3229 
3197 2814 2877 
3198 2584 2709 
3199 2661 2818 2943 
3200 2659 3070 
3201 3064 3158 3185 
3202 2976 
3203 2631 
3204 2575 3276 
3205 2445 
3206 2541 2727 
3207 2640 
3208 3007 3268 
3209 2710 
3210 2797 2799 2996 
3211 2642 
3212 2845 3017 3172 
3213 2487 3251 
3214 2584 2673 2709 
3215 2471 
3216 2475 3217 
3217 2476 3216 
3218 2482 3271 
3219 2710 
3220 2669 3004 3007 
3221 2797 2799 
3222 2938 
3223 2492 
3224 2492 
3225 2501 
3226 2501 
3227 2454 2837 
3228 2511 3265 
3229 2879 2997 3196 
3230 2514 
3231 2982 3234 
3232 2520 
3233 2525 3250 3265 
3234 2982 3231 
3235 2643 
3236 2643 
3237 2805 3009 
3238 2644 
3239 2644 
3240 2935 
3241 2558 
3242 2558 
3243 2464 2715 3278 
3244 2892 2995 
3245 3116 3143 
3246 2576 3006 
3247 2576 
3248 3121 
3249 2838 3151 
3250 2588 3233 3265 
3251 2487 3213 
3252 2797 2799 
3253 2645 
3254 2646 
3255 2646 
3256 2646 
3257 2646 
3258 2646 
3259 2646 
3260 2647 
3261 2691 
3262 2710 2956 
3263 3008 
3264 2727 2951 
3265 2615 3228 3233 3250 
3266 2786 2976 
3267 2699 
3268 3007 3208 
3269 2696 3132 3133 
3270 2499 
3271 2629 3218 
3272 2648 
3273 2648 
3274 2851 3275 
3275 2850 2851 2913 3037 3274 
3276 2575 3204 
3277 2851 
3278 2464 2715 3243 
3279 2913 
3280 2573 3096 3281 
3281 3280 
3282 2630 3187 
3283 2552 2800 3029 3127 3128 3140 
3284 3285 
3285 2692 2791 3170 3284 
3286 2726 
3287 2610 2649 3289 
3288 2610 2649 3290 
3289 3287 
3290 3288 
3291 2551 
3292 3410 3487 3592 
3293 3294 3333 3387 3551 
3294 3293 3313 4860 
3295 3296 3324 3432 3505 3567 
3296 3295 3309 3325 3332 
3297 3298 3537 
3298 3297 3313 3328 3439 3440 3557 
3299 3445 
3300 3445 3621 3707 
3301 3449 3630 3671 
3302 3467 
3303 3467 
3304 3467 
3305 3466 
3306 3343 3419 3468 3469 3539 3626 3651 
3307 3473 3579 3595 3653 3691 
3308 3309 3463 3464 3644 
3309 3296 3308 3332 3356 3459 3476 3477 3483 
3310 3311 3454 
3311 3310 3320 3332 3335 3350 3358 3483 3592 3631 3696 
3312 3313 3692 
3313 3294 3298 3312 3434 
3314 3354 3609 3624 3655 
3315 3316 3365 3482 3535 3556 3619 
3316 3315 3335 3351 3391 3392 3420 3723 
3317 3472 4863 
3318 3417 3496 3572 3573 3676 
3319 3359 3541 3545 3546 3606 
3320 3311 3327 3470 3631 3697 
3321 3322 3453 3667 4829 
3322 3321 3330 3344 
3323 3341 3563 
3324 3295 3571 
3325 3296 3575 
3326 3327 3712 3739 
3327 3320 3326 3560 3741 
3328 3298 3364 3465 3471 3497 3557 3581 3585 3586 
3329 3330 3579 3580 3704 
3330 3322 3329 3434 3696 4602 4830 
3331 3332 3615 3721 
3332 3296 3309 3311 3331 4875 
3333 3293 3628 4758 
3334 3335 
3335 3311 3316 3334 3350 4654 
3336 3348 3428 3627 3671 4864 
3337 3633 
3338 3642 
3339 3341 
3340 3341 3528 4874 
3341 3323 3339 3340 3412 4875 
3342 3572 3573 3582 3637 3638 3646 3647 3658 
3343 3306 3471 3646 3647 
3344 3322 3402 3621 4887 
3345 3359 3708 
3346 3347 3348 3401 3660 3677 3728 
3347 3346 4882 
3348 3336 3346 3662 
3349 3672 3673 3687 3699 3700 
3350 3311 3335 3560 3597 3670 3672 3673 3688 3701 
3351 3316 3360 3361 3364 3611 3651 4581 
3352 3422 3485 3562 3654 
3353 3354 
3354 3314 3353 3431 3436 3568 3600 3637 3713 3714 3715 
3355 3356 3589 3682 3721 3722 
3356 3309 3355 
3357 3358 3394 3724 3725 3726 
3358 3311 3357 3465 3724 
3359 3319 3345 3360 3729 4676 
3360 3351 3359 4677 
3361 3351 4475 
3362 3474 4508 
3363 3578 4569 
3364 3328 3351 3715 
3365 3315 
3366 3367 
3367 3366 3368 3369 
3368 3367 4874 
3369 3367 3522 
3370 3515 3566 3607 3620 
3371 4877 
3372 3430 
3373 3430 
3374 3430 
3375 3431 
3376 3479 
3377 3378 3379 4477 
3378 3377 
3379 3377 
3380 4849 
3381 3739 
3382 3561 
3383 3590 
3384 4849 
3385 3444 
3386 4877 
3387 3293 
3388 3579 
3389 3689 
3390 3693 
3391 3316 
3392 3316 
3393 3708 
3394 3357 
3395 3655 
3396 3655 
3397 3624 
3398 3564 3674 
3399 3400 3533 3608 
3400 3399 3401 3553 3685 
3401 3346 3400 
3402 3344 3746 3747 
3403 3455 3681 
3404 3657 
3405 3409 
3406 3409 
3407 3410 
3408 3410 
3409 3405 3406 3410 3665 3676 3711 
3410 3292 3407 3408 3409 3516 3518 3675 
3411 3467 3625 
3412 3341 3683 
3413 3501 3550 
3414 3467 3658 
3415 3416 3429 3430 
3416 3415 3430 
3417 3318 3564 3675 
3418 3626 
3419 3306 3531 
3420 3316 3670 
3421 3527 3552 
3422 3352 3424 3425 
3423 3425 
3424 3422 
3425 3422 3423 3599 3732 
3426 3607 3622 
3427 3428 
3428 3336 3427 3618 
3429 3415 
3430 3372 3373 3374 3415 3416 3609 3694 
3431 3354 3375 3694 
3432 3295 3656 
3433 3528 3563 
3434 3313 3330 
3435 3484 3566 
3436 3354 3664 
3437 3526 3587 
3438 3589 
3439 3298 
3440 3298 
3441 3443 3613 
3442 3739 
3443 3441 
3444 3385 3446 3447 3736 
3445 3299 3300 3736 
3446 3444 
3447 3444 
3448 3544 3709 
3449 3301 
3450 3614 
3451 3496 
3452 3453 3645 
3453 3321 3452 4844 
3454 3310 3620 
3455 3403 3456 3457 3662 
3456 3455 
3457 3455 
3458 3464 
3459 3309 
3460 3461 
3461 3460 3462 3464 
3462 3461 3463 
3463 3308 3462 
3464 3308 3458 3461 
3465 3328 3358 
3466 3305 3467 3501 3502 3526 3619 
3467 3302 3303 3304 3411 3414 3466 3468 3469 3478 3525 3590 3591 3612 3613 
3468 3306 3467 
3469 3306 3467 
3470 3320 3597 
3471 3328 3343 
3472 3317 3543 
3473 3307 
3474 3362 
3475 3709 
3476 3309 
3477 3309 
3478 3467 
3479 3376 3480 3698 
3480 3479 
3481 3535 
3482 3315 3738 
3483 3309 3311 3484 3683 
3484 3435 3483 3485 3566 
3485 3352 3484 3486 3559 3732 
3486 3485 3678 
3487 3292 3497 
3488 3544 3736 
3489 3490 
3490 3489 3674 3726 
3491 3649 
3492 3495 3498 3499 
3493 3498 3500 3733 
3494 3499 3500 3734 
3495 3492 
3496 3318 3451 3498 3499 3500 3524 3625 
3497 3328 3487 3514 3626 
3498 3492 3493 3496 
3499 3492 3494 3496 
3500 3493 3494 3496 
3501 3413 3466 
3502 3466 3549 
3503 3695 3731 
3504 3505 
3505 3295 3504 3615 
3506 3509 
3507 3512 
3508 3510 
3509 3506 3511 
3510 3508 3511 3512 3562 3737 
3511 3509 3510 3559 3563 
3512 3507 3510 
3513 3549 3550 3699 3700 
3514 3497 3741 
3515 3370 
3516 3410 3519 3583 
3517 3665 
3518 3410 
3519 3516 
3520 3556 
3521 3570 3738 
3522 3369 3622 
3523 3524 
3524 3496 3523 3636 
3525 3467 3664 
3526 3437 3466 
3527 3421 
3528 3340 3433 
3529 3530 3702 
3530 3529 
3531 3419 3669 
3532 3705 
3533 3399 
3534 3716 
3535 3315 3481 3702 
3536 3537 3745 
3537 3297 3536 3740 
3538 3653 
3539 3306 3723 
3540 3603 3652 3666 
3541 3319 3561 3716 
3542 4861 
3543 3472 3555 
3544 3448 3488 3616 3617 
3545 3319 
3546 3319 
3547 3611 
3548 3705 
3549 3502 3513 
3550 3413 3513 
3551 3293 3691 
3552 0 3421 3674 
3553 3400 3650 
3554 3604 3608 
3555 3543 3707 
3556 3315 3520 
3557 3298 3328 
3558 3578 
3559 3485 3511 
3560 3327 3350 
3561 3382 3541 3743 
3562 3352 3510 3563 
3563 3323 3433 3511 3562 3654 
3564 3398 3417 3674 
3565 3718 
3566 3370 3435 3484 
3567 3295 3576 3730 
3568 3354 3587 
3569 3600 
3570 3521 3600 
3571 3324 3588 3656 
3572 3318 3342 
3573 3318 3342 
3574 3588 
3575 3325 3576 3577 3717 3730 
3576 3567 3575 
3577 3575 
3578 3363 3558 
3579 3307 3329 3388 
3580 3329 3653 
3581 3328 3611 
3582 1 3342 3624 
3583 3516 3584 
3584 3583 3725 
3585 0 3328 
3586 0 3328 
3587 3437 3568 
3588 3571 3574 
3589 3355 3438 3623 
3590 3383 3467 3614 
3591 3467 3661 
3592 3292 3311 
3593 3725 
3594 3726 
3595 3307 3596 
3596 3595 3692 
3597 3350 3470 
3598 3627 3718 
3599 3425 3737 
3600 3354 3569 3570 
3601 3718 
3602 3604 3659 
3603 3540 3610 
3604 3554 3602 3605 
3605 3604 
3606 3319 3708 3735 
3607 3370 3426 
3608 3399 3554 3660 
3609 3314 3430 
3610 3603 3668 
3611 3351 3547 3581 
3612 3467 3661 
3613 3441 3467 
3614 3450 3590 
3615 3331 3505 
3616 3544 
3617 3544 3648 
3618 3428 3704 
3619 3315 3466 
3620 3370 3454 3731 
3621 3300 3344 
3622 3426 3522 
3623 3589 
3624 3314 3397 3582 
3625 3411 3496 
3626 3306 3418 3497 
3627 3336 3598 
3628 3333 3740 
3629 3630 
3630 3301 3629 3721 
3631 3311 3320 
3632 3682 3721 
3633 3337 3634 
3634 3633 3720 
3635 3636 
3636 0 3524 3635 
3637 3342 3354 
3638 3342 3655 
3639 3640 
3640 3639 3677 
3641 4884 
3642 3338 4627 
3643 3644 
3644 3308 3643 3721 
3645 3452 
3646 3342 3343 
3647 3342 3343 
3648 3617 3668 4884 
3649 3491 3650 
3650 3553 3649 3662 
3651 3306 3351 
3652 3540 
3653 3307 3538 3580 
3654 3352 3563 
3655 3314 3395 3396 3638 
3656 3432 3571 
3657 3404 3685 
3658 3342 3414 
3659 3602 
3660 3346 3608 3681 3742 
3661 3591 3612 
3662 3348 3455 3650 
3663 3725 
3664 3436 3525 
3665 3409 3517 
3666 3540 3744 
3667 3321 3744 
3668 3610 3648 
3669 3531 3701 
3670 3350 3420 
3671 3301 3336 
3672 3349 3350 
3673 3349 3350 
3674 3398 3490 3552 3564 3698 
3675 3410 3417 
3676 3318 3409 
3677 3346 3640 
3678 3486 3679 3680 
3679 3678 
3680 3678 
3681 3403 3660 
3682 3355 3632 3684 3721 
3683 3412 3483 
3684 3682 3722 
3685 3400 3657 
3686 3727 
3687 3349 
3688 3350 3697 
3689 3389 3690 
3690 3689 3691 
3691 3307 3551 3690 
3692 3312 3596 
3693 3390 3694 
3694 3430 3431 3693 
3695 3503 3696 
3696 3311 3330 3695 
3697 3320 3688 
3698 3479 3674 
3699 3349 3513 
3700 3349 3513 
3701 3350 3669 
3702 3529 3535 
3703 3704 
3704 3329 3618 3703 
3705 3532 3548 3706 
3706 3705 3707 
3707 3300 3555 3706 
3708 3345 3393 3606 
3709 3448 3475 
3710 3711 3712 
3711 3409 3710 
3712 3326 3710 
3713 3354 
3714 3354 
3715 3354 3364 
3716 3534 3541 
3717 3575 
3718 3565 3598 3601 
3719 3736 
3720 3634 3721 
3721 3331 3355 3630 3632 3644 3682 3720 
3722 3355 3684 
3723 3316 3539 
3724 3357 3358 
3725 3357 3584 3593 3663 
3726 3357 3490 3594 
3727 3686 3728 
3728 3346 3727 
3729 3359 
3730 3567 3575 
3731 3503 3620 
3732 3425 3485 
3733 3493 
3734 3494 
3735 3606 
3736 3444 3445 3488 3719 
3737 3510 3599 
3738 3482 3521 
3739 3326 3381 3442 
3740 3537 3628 
3741 3327 3514 
3742 3660 
3743 3561 
3744 3666 3667 
3745 3536 
3746 3402 3747 
3747 3402 3746 
3748 3777 3931 
3749 3761 3766 3792 
3750 3761 3792 
3751 3772 3803 3935 
3752 3753 3754 3773 
3753 3752 3783 
3754 3752 3777 
3755 3756 
3756 3755 3791 3929 3930 
3757 3758 3791 3882 
3758 3757 
3759 3760 
3760 3759 3783 3787 
3761 3749 3750 3763 3787 3925 3931 3934 
3762 3764 3765 3788 3945 4198 
3763 3761 
3764 3762 
3765 3762 3800 3837 3937 
3766 3749 3837 
3767 3837 3942 
3768 482 691 3769 
3769 112 3768 3781 
3770 3771 3782 3824 3846 
3771 3770 
3772 3751 3794 
3773 3752 3796 3862 
3774 3775 3776 3791 3808 3920 3921 
3775 3774 3796 
3776 3774 3796 
3777 3748 3754 3942 
3778 3780 3815 3850 3854 3870 3892 
3779 3780 3789 
3780 725 3778 3779 3784 3797 3800 3869 
3781 3769 3869 
3782 3770 3783 3784 3835 3840 3841 3867 3878 
3783 3753 3760 3782 3784 3796 
3784 3780 3782 3783 3786 3797 3904 4198 
3785 3786 3856 3885 3890 3895 
3786 3784 3785 3788 
3787 3760 3761 3894 3934 
3788 3762 3786 3894 
3789 3779 3936 
3790 3791 
3791 3756 3757 3774 3790 3821 3921 
3792 3749 3750 3793 3903 
3793 3792 3794 
3794 3772 3793 3801 
3795 3796 3798 3853 3875 3876 3886 3915 3933 
3796 3773 3775 3776 3783 3795 3799 3936 
3797 3780 3784 3938 3939 3940 
3798 3795 
3799 3796 
3800 3765 3780 3917 
3801 3794 3802 3803 3927 3935 3943 
3802 3801 3937 4198 
3803 3751 3801 3927 
3804 3862 3863 
3805 3806 3837 
3806 3805 3843 3900 
3807 3874 3893 
3808 3774 3856 3920 3929 3944 
3809 3810 3820 
3810 3809 3830 3863 
3811 3812 3842 3897 
3812 3811 3837 
3813 3830 3907 
3814 3818 3820 3848 
3815 3778 3816 
3816 3815 3888 3889 
3817 3879 
3818 3814 
3819 3895 
3820 3809 3814 
3821 3791 3822 3880 
3822 3821 3892 3911 3912 
3823 3824 3841 
3824 3770 3823 3902 
3825 3862 3907 3917 
3826 3827 3855 3943 
3827 3826 
3828 3829 3836 3894 3899 
3829 3828 3831 3894 
3830 3810 3813 3848 
3831 3829 3832 
3832 3831 3918 
3833 3834 3849 3854 3862 3878 
3834 3833 
3835 3782 3906 3917 
3836 3828 3894 
3837 3765 3766 3767 3805 3812 3838 3839 3843 3861 3905 
3838 3837 3922 
3839 3837 3842 
3840 3782 
3841 3782 3823 
3842 3811 3839 3843 
3843 3806 3837 3842 
3844 3871 3872 
3845 3846 
3846 3770 3845 3858 
3847 3894 3919 3926 
3848 3814 3830 
3849 3833 3850 
3850 3778 3849 3862 
3851 3852 
3852 3851 3855 3860 
3853 3795 3887 
3854 3778 3833 3911 
3855 3826 3852 
3856 3785 3808 
3857 3858 
3858 3846 3857 3867 
3859 3901 3902 
3860 3852 3913 
3861 3837 3900 
3862 3773 3804 3825 3833 3850 3863 3906 
3863 3804 3810 3862 
3864 3865 3903 
3865 3864 3903 3905 
3866 3871 3894 
3867 3782 3858 
3868 3869 
3869 3780 3781 3868 
3870 3778 3914 3915 
3871 3844 3866 3894 3910 
3872 3844 3873 3928 
3873 3872 3894 3902 
3874 3807 3877 3891 
3875 3795 3876 
3876 3795 3875 3915 
3877 3874 3903 
3878 3782 3833 
3879 3817 3924 
3880 3821 3881 3915 
3881 3880 3916 
3882 3757 3909 
3883 3884 3903 
3884 3883 3903 3913 
3885 3785 
3886 3795 3887 3889 
3887 3853 3886 3908 
3888 3816 
3889 3816 3886 3908 
3890 3785 3901 
3891 3874 3937 
3892 3778 3822 3914 
3893 3807 3903 
3894 3787 3788 3828 3829 3836 3847 3866 3871 3873 3899 3918 3919 3926 
3895 3785 3819 
3896 3897 3922 3932 
3897 3811 3896 3917 
3898 3899 
3899 3828 3894 3898 
3900 3806 3861 3924 
3901 3859 3890 3902 
3902 3824 3859 3873 3901 3926 
3903 3792 3864 3865 3877 3883 3884 3893 3904 
3904 3784 3903 4198 
3905 3837 3865 
3906 3835 3862 
3907 3813 3825 3924 
3908 3887 3889 
3909 3882 3916 
3910 3871 3917 
3911 3822 3854 
3912 3822 3921 
3913 3860 3884 
3914 3870 3892 
3915 3795 3870 3876 3880 3916 
3916 3881 3909 3915 
3917 3800 3825 3835 3897 3910 3932 
3918 3832 3894 
3919 3847 3894 
3920 3774 3808 
3921 3774 3791 3912 
3922 3838 3896 3923 
3923 3922 
3924 3879 3900 3907 
3925 3761 
3926 3847 3894 3902 
3927 3801 3803 
3928 3872 
3929 3756 3808 3930 
3930 3756 3929 
3931 3748 3761 
3932 3896 3917 
3933 3795 
3934 3761 3787 
3935 3751 3801 
3936 3789 3796 
3937 3765 3802 3891 
3938 3797 
3939 3797 
3940 3797 
3941 3942 
3942 3767 3777 3941 
3943 3801 3826 
3944 3808 
3945 3762 
3946 3972 
3947 3955 3977 4011 
3948 3949 3997 
3949 3948 3974 
3950 3974 3979 
3951 4039 
3952 3982 3999 
3953 3965 3994 4061 4063 
3954 3968 4054 4055 
3955 3947 3956 3962 
3956 3955 3964 3978 3988 4007 4030 
3957 3958 3998 4015 
3958 3957 3978 3996 4007 4010 
3959 3961 4022 4033 
3960 3961 4044 
3961 3959 3960 4003 4046 
3962 3955 3998 
3963 3964 
3964 3956 3963 4001 
3965 3953 3984 4040 4062 4063 
3966 3968 
3967 3968 
3968 3954 3966 3967 3970 
3969 3970 3971 
3970 3968 3969 4028 4071 
3971 3969 3991 4004 
3972 3946 3983 3994 
3973 4077 
3974 3949 3950 3993 
3975 3978 
3976 3978 
3977 3947 3978 
3978 3956 3958 3975 3976 3977 3979 4019 4026 
3979 3950 3978 
3980 3982 4037 
3981 517 4034 4066 
3982 3952 3980 3999 
3983 3972 3984 
3984 3965 3983 3985 3986 
3985 3984 4077 
3986 425 3984 
3987 4005 4047 
3988 3956 
3989 3990 4024 
3990 3989 4002 
3991 3971 4011 4012 4020 
3992 4032 
3993 3974 4067 
3994 3953 3972 4064 
3995 3996 4015 
3996 3958 3995 
3997 3948 4049 
3998 3957 3962 
3999 3952 3982 4000 4019 4028 
4000 3999 4029 
4001 3964 4019 4046 
4002 3990 4033 
4003 3961 4035 
4004 3971 4027 
4005 3987 4006 
4006 4005 4048 4055 
4007 3956 3958 
4008 4017 4036 4045 4078 
4009 4035 4046 
4010 3958 4016 
4011 3947 3991 4027 
4012 3991 
4013 4028 4037 
4014 4024 4032 4057 
4015 3957 3995 
4016 4010 
4017 4008 4036 
4018 4019 
4019 3978 3999 4001 4018 
4020 3991 
4021 2716 4033 
4022 2716 3959 
4023 2938 4025 
4024 3989 4014 
4025 4023 4032 
4026 3978 
4027 4004 4011 4028 
4028 3970 3999 4013 4027 4030 4031 4079 
4029 4000 4030 4038 4040 
4030 3956 4028 4029 
4031 4028 
4032 3992 4014 4025 4033 
4033 3959 4002 4021 4032 4056 
4034 2341 3981 
4035 4003 4009 4037 4038 4079 
4036 4008 4017 4037 
4037 3980 4013 4035 4036 4079 
4038 4029 4035 
4039 3951 4040 4048 
4040 3965 4029 4039 4041 4042 4065 
4041 4040 
4042 4040 
4043 4044 
4044 3960 4043 4045 
4045 4008 4044 
4046 3961 4001 4009 4079 
4047 3987 4048 
4048 4006 4039 4047 
4049 3997 4052 
4050 4051 4052 
4051 4050 4068 4069 
4052 4049 4050 
4053 4054 
4054 3954 4053 
4055 3954 4006 
4056 4033 4057 
4057 4014 4056 
4058 4059 4060 
4059 4058 4062 4064 4070 
4060 4058 4061 
4061 3953 4060 
4062 3965 4059 
4063 3953 3965 
4064 3994 4059 4065 
4065 4040 4064 
4066 3981 4067 
4067 3993 4066 
4068 4051 4104 
4069 4051 4104 
4070 4059 
4071 3970 4072 
4072 4071 4073 4074 4075 
4073 4072 
4074 4072 
4075 4072 
4076 4077 
4077 3973 3985 4076 
4078 4008 4079 
4079 4028 4035 4037 4046 4078 
4080 4085 
4081 4083 
4082 4083 
4083 4081 4082 4085 4089 4098 
4084 4085 
4085 4080 4083 4084 4089 4161 
4086 4165 4171 4217 4266 
4087 4088 4298 
4088 4087 4186 4187 
4089 4083 4085 4120 4159 4216 
4090 4091 
4091 4090 4115 4188 4207 
4092 4101 4284 
4093 4151 4278 
4094 4104 
4095 4105 
4096 4135 4199 4221 4244 4245 
4097 4146 4280 4281 4282 
4098 2555 4083 4109 4171 
4099 4100 4240 4243 4259 
4100 4099 4205 4226 4316 
4101 4092 4150 4304 4305 
4102 4103 4151 4224 
4103 4102 
4104 4068 4069 4094 4105 
4105 4095 4104 4106 4108 4143 4146 
4106 4105 4183 
4107 4108 
4108 4105 4107 
4109 4098 4120 4137 4155 4242 
4110 480 4111 4172 4200 4220 4267 
4111 128 4110 4212 
4112 474 4113 
4113 4112 4147 4148 4319 
4114 4171 4186 4210 
4115 4091 
4116 4117 4238 4239 
4117 4116 4123 4153 4158 
4118 4119 4162 4284 4457 
4119 107 521 4118 4163 4178 
4120 4089 4109 4142 4149 4201 
4121 4123 
4122 4123 
4123 4117 4121 4122 
4124 4127 
4125 4127 
4126 4127 4251 
4127 4124 4125 4126 4185 4200 4220 4316 
4128 2439 2561 4322 4323 
4129 4130 
4130 4129 4195 
4131 4132 4155 
4132 4131 4210 
4133 4134 4137 4157 
4134 4133 
4135 4096 4221 
4136 4137 4156 4237 4258 
4137 4109 4133 4136 4153 4161 4223 
4138 4150 4174 
4139 4142 
4140 4142 
4141 4142 
4142 4120 4139 4140 4141 
4143 4105 4145 
4144 525 4145 
4145 4143 4144 
4146 4097 4105 4150 4170 4203 
4147 2439 4113 4324 
4148 4113 4172 4325 
4149 4120 4201 
4150 4101 4138 4146 4151 4208 4211 4214 
4151 4093 4102 4150 4162 4164 
4152 4153 4252 
4153 4117 4137 4152 4155 4158 4192 
4154 4155 4241 4248 4257 
4155 4109 4131 4153 4154 4193 
4156 4136 4222 4227 4228 4232 
4157 4133 4161 4229 4230 4231 
4158 4117 4153 
4159 4089 4205 4216 4268 
4160 4161 4250 
4161 4085 4137 4157 4160 4171 4192 
4162 4118 4151 4163 4215 
4163 569 4119 4162 4173 4178 4206 4218 
4164 4151 4287 4288 
4165 4086 4180 4187 4207 4213 
4166 4167 4168 4195 
4167 4166 
4168 4166 
4169 4170 
4170 4146 4169 4203 
4171 2620 4086 4098 4114 4161 4192 4193 4217 
4172 473 4110 4148 
4173 4163 4206 4316 
4174 4138 4175 4279 
4175 4174 
4176 4178 
4177 4178 
4178 841 4119 4163 4176 4177 
4179 4181 4186 4195 4289 
4180 4165 4209 4294 4295 4296 4297 
4181 4179 4182 4225 
4182 4181 
4183 4106 4184 
4184 4183 
4185 4127 4299 4316 
4186 4088 4114 4179 4187 4195 4202 4210 4217 
4187 4088 4165 4186 4283 
4188 4091 4213 
4189 4192 
4190 4192 
4191 4192 
4192 4153 4161 4171 4189 4190 4191 4233 
4193 4155 4171 4217 
4194 4195 4253 4256 4265 
4195 4130 4166 4179 4186 4194 
4196 4198 
4197 4198 
4198 3762 3784 3802 3904 4196 4197 4201 4205 4226 
4199 4096 
4200 4110 4127 4220 
4201 4120 4149 4198 4303 
4202 4186 4234 4235 4255 4260 4261 
4203 4146 4170 4285 4286 
4204 4217 
4205 4100 4159 4198 4206 4216 
4206 4163 4173 4205 4212 
4207 4091 4165 
4208 4150 4307 4308 4309 4310 4311 
4209 4180 4312 4313 4314 4315 
4210 563 4114 4132 4186 
4211 4150 4304 
4212 4111 4206 
4213 4165 4188 4263 
4214 4150 4215 
4215 4162 4214 
4216 4089 4159 4205 
4217 4086 4171 4186 4193 4204 4218 4300 
4218 2542 4163 4217 
4219 4220 
4220 4110 4127 4200 4219 4221 4316 
4221 4096 4135 4220 
4222 4156 
4223 4137 4269 4270 4271 4272 4273 4274 
4224 4102 
4225 4181 
4226 4100 4198 
4227 4156 
4228 4156 
4229 4157 
4230 4157 
4231 4157 
4232 4156 
4233 4192 
4234 4202 
4235 4202 
4236 4242 
4237 4136 
4238 4116 
4239 4116 
4240 4099 
4241 4154 
4242 4109 4236 
4243 4099 
4244 4096 
4245 4096 4246 4247 
4246 4245 
4247 4245 
4248 4154 
4249 4264 
4250 4160 
4251 4126 
4252 4152 
4253 4194 
4254 4263 
4255 4202 
4256 4194 
4257 4154 
4258 4136 
4259 4099 
4260 4202 
4261 4202 
4262 4263 
4263 4213 4254 4262 
4264 2620 4249 
4265 4194 
4266 4086 
4267 4110 
4268 4159 
4269 4223 
4270 4223 
4271 4223 
4272 4223 
4273 4223 
4274 4223 
4275 4278 
4276 4278 
4277 4278 
4278 4093 4275 4276 4277 4290 
4279 4174 
4280 4097 
4281 4097 
4282 4097 
4283 4187 4320 4321 
4284 4092 4118 
4285 4203 
4286 4203 
4287 4164 
4288 4164 
4289 4179 
4290 4278 4291 4292 4293 
4291 4290 
4292 4290 
4293 4290 
4294 4180 
4295 4180 
4296 4180 
4297 4180 
4298 4087 4317 4318 
4299 4185 
4300 4217 4301 4302 
4301 4300 
4302 4300 
4303 4201 
4304 4101 4211 4306 
4305 4101 
4306 4304 
4307 4208 
4308 4208 
4309 4208 
4310 4208 
4311 4208 
4312 4209 
4313 4209 
4314 4209 
4315 4209 
4316 2555 2620 4100 4127 4173 4185 4220 
4317 4298 
4318 4298 
4319 4113 
4320 4283 
4321 4283 
4322 4128 
4323 4128 
4324 4147 
4325 4148 
4326 4341 4374 4386 4391 4409 
4327 4330 4345 
4328 4330 4376 
4329 4400 
4330 4327 4328 4406 
4331 4334 4335 4339 4346 4380 4384 4390 4397 4399 4401 4412 
4332 4339 4354 4356 4358 4382 4390 4394 
4333 4334 
4334 4331 4333 4346 4380 4397 4401 
4335 4331 4341 4344 4345 4346 4360 4372 4380 4394 
4336 4385 4401 
4337 4341 
4338 4339 
4339 4331 4332 4338 4356 4394 4399 
4340 320 4373 4375 
4341 4326 4335 4337 4344 4364 4367 4374 4403 4410 
4342 4344 4360 4372 4398 
4343 4351 4383 4384 4400 4407 4412 
4344 4335 4341 4342 4345 4346 4360 4364 4367 4372 4380 4394 4405 4408 4418 
4345 4327 4335 4344 4356 4359 4376 4380 4406 4416 4417 
4346 4331 4334 4335 4344 4380 4397 4401 
4347 4416 
4348 4401 
4349 4350 
4350 4349 4358 4415 
4351 4343 4362 4373 4375 4380 4383 4391 4397 4400 4407 4412 
4352 4376 4395 4411 
4353 4403 4409 
4354 4332 4390 4402 
4355 4356 
4356 4332 4339 4345 4355 4376 4406 4416 
4357 4358 4363 4415 
4358 4332 4350 4357 4363 4370 4371 4379 4382 4387 4415 
4359 4345 4408 
4360 4335 4342 4344 4371 4372 4394 4404 4405 4417 4418 
4361 252 4362 
4362 4351 4361 4368 4369 
4363 4357 4358 4370 4371 4372 4382 
4364 4341 4344 4367 4371 4372 4398 
4365 4366 
4366 4365 4367 4373 4375 4391 4403 
4367 4341 4344 4364 4366 4374 4403 4410 
4368 4362 4373 4391 
4369 4362 4373 4391 
4370 4358 4363 4371 4379 4396 4415 
4371 4358 4360 4363 4364 4370 4372 4390 4394 
4372 4335 4342 4344 4360 4363 4364 4371 4394 4395 4404 4411 
4373 4340 4351 4366 4368 4369 4375 4383 4391 
4374 4326 4341 4367 4380 
4375 4340 4351 4366 4373 4383 4391 
4376 4328 4345 4352 4356 
4377 4414 
4378 4379 
4379 4358 4370 4378 4415 
4380 4331 4334 4335 4344 4345 4346 4351 4374 4397 4401 4407 
4381 4396 4398 
4382 4332 4358 4363 4390 4394 4402 
4383 4343 4351 4373 4375 4384 4385 4391 4400 4401 4407 4412 
4384 4331 4343 4383 4412 
4385 4336 4383 4401 4414 
4386 4326 
4387 4358 
4388 4390 
4389 4390 
4390 4331 4332 4354 4371 4382 4388 4389 4394 4395 
4391 4326 4351 4366 4368 4369 4373 4375 4383 4400 4409 
4392 4394 
4393 4395 
4394 4332 4335 4339 4344 4360 4371 4372 4382 4390 4392 4395 
4395 4352 4372 4390 4393 4394 
4396 4370 4381 
4397 4331 4334 4346 4351 4380 4401 
4398 4342 4364 4381 
4399 4331 4339 
4400 4329 4343 4351 4383 4391 4401 4407 4412 
4401 4331 4334 4336 4346 4348 4380 4383 4385 4397 4400 
4402 4354 4382 
4403 4341 4353 4366 4367 4409 4413 
4404 4360 4372 
4405 4344 4360 
4406 4330 4345 4356 
4407 4343 4351 4380 4383 4400 4412 
4408 4344 4359 
4409 4326 4353 4391 4403 
4410 4341 4367 
4411 4352 4372 
4412 4331 4343 4351 4383 4384 4400 4407 
4413 4403 
4414 262 4377 4385 
4415 4350 4357 4358 4370 4379 
4416 4345 4347 4356 
4417 4345 4360 
4418 4344 4360 
4419 4420 
4420 4419 4434 4435 4441 
4421 4423 4431 
4422 237 
4423 4421 
4424 352 
4425 353 4429 
4426 4428 4442 
4427 325 
4428 4426 
4429 4425 
4430 308 4432 
4431 4421 4434 
4432 4430 
4433 4434 
4434 289 4420 4431 4433 4435 
4435 4420 4434 4438 4441 
4436 1118 4438 4440 
4437 4438 
4438 4435 4436 4437 4440 
4439 4440 
4440 4436 4438 4439 4441 
4441 4420 4435 4440 4442 
4442 4426 4441 
4443 829 4457 4461 
4444 21 2561 4447 
4445 22 83 90 474 492 4460 
4446 4447 
4447 48 84 520 2561 4444 4446 4457 
4448 4461 
4449 4461 
4450 4453 
4451 4453 
4452 4454 
4453 4450 4451 4457 
4454 4452 4455 4457 
4455 4454 
4456 842 4457 
4457 513 520 568 828 836 855 2439 4118 4443 4447 4453 4454 4456 4458 4462 4463 4464 4465 
4458 98 4457 
4459 4460 
4460 23 83 131 2561 4445 4459 
4461 825 4443 4448 4449 
4462 4457 
4463 4457 
4464 4457 
4465 4457 
4466 4484 4552 
4467 4484 4612 
4468 4506 4525 4601 4625 4795 
4469 4638 4675 4765 
4470 4474 4589 
4471 4670 
4472 4473 4507 4604 4616 4645 
4473 4472 4475 4651 4866 
4474 4470 4558 
4475 3361 4473 4476 4627 4661 4677 
4476 4475 4573 4831 
4477 3377 4478 4484 
4478 4477 4654 
4479 4480 4484 
4480 4479 4654 
4481 4482 4589 4771 
4482 4481 4500 4875 
4483 4539 4687 
4484 4466 4467 4477 4479 4495 4529 4600 
4485 4486 4532 4549 
4486 4485 4587 4702 
4487 4528 4561 
4488 4508 4609 
4489 4499 4647 
4490 2422 4491 4579 4583 4668 
4491 4490 4542 4581 
4492 4509 4615 4659 4796 
4493 4595 4701 
4494 4552 4658 
4495 4484 4766 
4496 4546 4605 4797 
4497 4498 4499 
4498 4497 4673 
4499 4489 4497 4500 4763 4764 
4500 4482 4499 
4501 4502 
4502 4501 4560 4616 
4503 4521 4588 
4504 4505 4599 
4505 4504 4545 4659 
4506 2240 4468 4534 
4507 4472 4541 4574 4635 
4508 3362 4488 4663 
4509 4492 4625 
4510 4642 4701 
4511 4517 4606 4612 4695 
4512 4513 4580 4597 
4513 4512 
4514 4584 4668 
4515 4516 4553 4613 
4516 4515 4660 
4517 4511 4690 4777 4781 
4518 4519 4596 
4519 4518 4520 4591 4619 4698 4799 4800 4801 
4520 4519 
4521 4503 4553 4619 4767 
4522 4544 4653 
4523 4578 4658 
4524 4685 4758 
4525 4468 4802 4803 
4526 4527 
4527 4526 4544 4675 
4528 4487 4766 
4529 4484 4686 
4530 4541 4610 4649 
4531 4595 4650 4825 
4532 4485 4546 
4533 4534 4540 4617 4672 4721 
4534 2247 4506 4533 
4535 2247 4630 
4536 4566 4685 4860 4865 
4537 4596 4770 4804 4805 4806 
4538 4762 4807 4808 
4539 4483 4587 4788 
4540 4533 4650 4815 
4541 4507 4530 4674 4798 
4542 4491 4661 
4543 4578 
4544 4522 4527 
4545 4505 4699 
4546 4496 4532 4605 
4547 4548 4637 
4548 4547 4575 4647 
4549 4485 4623 
4550 4583 4585 
4551 2408 4626 4651 4718 
4552 4466 4494 4567 
4553 4515 4521 4665 4700 
4554 4578 4591 
4555 4647 4669 
4556 4560 4642 
4557 4699 
4558 4474 
4559 4621 4676 
4560 4502 4556 4810 
4561 4487 4611 4621 4678 
4562 2422 4683 
4563 4564 4601 4812 4813 4814 
4564 4563 4601 4639 
4565 4566 4762 
4566 4536 4565 4666 
4567 4552 4678 
4568 4636 4650 
4569 3363 4570 4613 4620 4760 
4570 4569 4627 
4571 4572 
4572 2248 4571 4573 4651 
4573 4476 4572 4593 4594 4655 
4574 4507 4819 
4575 4548 
4576 4620 4660 
4577 4721 
4578 4523 4543 4554 4597 
4579 4490 
4580 4512 4581 4658 
4581 3351 4491 4580 
4582 4621 4622 
4583 4490 4550 
4584 4514 4586 4588 
4585 4550 4588 
4586 4584 
4587 4486 4539 4693 4787 
4588 4503 4584 4585 
4589 4470 4481 4656 
4590 4664 4722 
4591 4519 4554 4634 
4592 4610 
4593 4573 
4594 4573 
4595 4493 4531 
4596 4518 4537 
4597 4512 4578 
4598 4819 
4599 4504 4623 
4600 4484 4653 
4601 4468 4563 4564 4610 4640 4819 
4602 3330 
4603 4604 
4604 4472 4603 4618 
4605 4496 4546 4702 
4606 4511 4607 4629 
4607 4606 4643 4654 4689 
4608 4685 4772 
4609 4488 4635 
4610 4530 4592 4601 
4611 4561 
4612 4467 4511 
4613 4515 4569 
4614 4642 4653 
4615 4492 4682 4790 
4616 4472 4502 
4617 4533 
4618 4604 4624 4636 
4619 4519 4521 4775 
4620 4569 4576 4632 
4621 4559 4561 4582 
4622 4582 
4623 4549 4599 
4624 4618 
4625 4468 4509 4785 
4626 4551 4648 4732 
4627 3642 4475 4570 4661 
4628 4652 
4629 4606 4671 
4630 2240 4535 
4631 2408 4742 
4632 4620 4663 
4633 2354 4682 
4634 4591 
4635 4507 4609 
4636 4568 4618 4641 
4637 4547 
4638 4469 4688 
4639 4564 4640 4820 
4640 4601 4639 4644 
4641 4636 
4642 4510 4556 4614 4643 
4643 4607 4642 4651 
4644 4640 4667 
4645 4472 4674 
4646 4673 
4647 4489 4548 4555 
4648 2408 4626 4738 4749 4752 
4649 4530 
4650 4531 4540 4568 4651 4722 4825 
4651 2248 4473 4551 4572 4643 4650 
4652 4628 4653 
4653 4522 4600 4614 4652 
4654 3335 4478 4480 4607 4655 
4655 4573 4654 
4656 4589 4686 
4657 4659 4699 
4658 4494 4523 4580 
4659 2386 4492 4505 4657 4687 
4660 4516 4576 4661 
4661 4475 4542 4627 4660 
4662 4663 
4663 4508 4632 4662 
4664 4590 
4665 4553 
4666 4566 4685 4778 
4667 4644 
4668 4490 4514 
4669 4555 4688 4826 
4670 4471 4673 
4671 4629 4675 
4672 4533 4822 
4673 4498 4646 4670 
4674 4541 4645 4798 
4675 4469 4527 4671 
4676 3359 4559 4677 4683 
4677 3360 4475 4676 
4678 4561 4567 
4679 4825 
4680 4770 4824 
4681 4682 
4682 4615 4633 4681 
4683 4562 4676 
4684 4685 4770 
4685 4524 4536 4608 4666 4684 
4686 4529 4656 
4687 4483 4659 
4688 4638 4669 4689 4690 
4689 4607 4688 
4690 4517 4688 4780 
4691 4693 
4692 4694 
4693 4587 4691 4694 
4694 2413 4692 4693 4926 
4695 4511 
4696 4698 4817 
4697 4698 
4698 4519 4696 4697 
4699 4545 4557 4657 
4700 4553 
4701 4493 4510 
4702 4486 4605 4792 
4703 4710 4745 
4704 4713 4744 
4705 4715 4718 
4706 4712 4715 
4707 4727 4728 4732 4745 4751 
4708 4727 4728 
4709 4713 4723 
4710 4703 4734 
4711 4726 4727 
4712 4706 4731 
4713 4704 4709 
4714 4726 4750 
4715 4705 4706 
4716 4719 4727 
4717 4730 4736 
4718 4551 4705 4731 
4719 4716 4735 
4720 4738 4750 4754 
4721 4533 4577 4722 
4722 4590 4650 4721 
4723 4709 4734 
4724 4726 4753 
4725 4748 4755 4783 
4726 4711 4714 4724 4735 4773 4774 
4727 4707 4708 4711 4716 4747 
4728 4707 4708 
4729 4747 4750 
4730 4717 4737 
4731 4712 4718 
4732 4626 4707 4739 4744 4756 
4733 4737 4743 
4734 4710 4723 
4735 4719 4726 
4736 4717 4738 
4737 4730 4733 
4738 4648 4720 4736 4741 
4739 4732 4746 
4740 4741 4746 
4741 4738 4740 
4742 2208 4631 
4743 4733 4750 
4744 4704 4732 
4745 4703 4707 
4746 4739 4740 
4747 4727 4729 
4748 2408 4725 4753 4783 
4749 4648 4750 
4750 4714 4720 4729 4743 4749 
4751 4707 
4752 2408 4648 4753 
4753 4724 4748 4752 
4754 4720 4757 4811 
4755 4725 
4756 4732 
4757 4754 
4758 3333 4524 
4759 4760 
4760 4569 4759 4776 
4761 4767 
4762 4538 4565 
4763 4499 
4764 4499 
4765 4469 
4766 4495 4528 4768 
4767 4521 4761 
4768 4766 4769 
4769 4768 
4770 4537 4680 4684 
4771 4481 
4772 4608 
4773 4726 
4774 4726 
4775 4619 
4776 4760 
4777 4517 
4778 4666 4779 
4779 4778 4823 
4780 4690 
4781 4517 4826 
4782 4783 
4783 4725 4748 4782 
4784 4785 
4785 4625 4784 
4786 4793 
4787 4587 4791 
4788 4539 
4789 4790 
4790 4615 4789 
4791 4787 4792 4794 
4792 4702 4791 4793 
4793 4786 4792 
4794 4791 
4795 4468 
4796 4492 
4797 4496 4821 
4798 4541 4674 
4799 4519 
4800 4519 
4801 4519 
4802 4525 
4803 4525 
4804 4537 
4805 4537 
4806 4537 
4807 4538 
4808 4538 
4809 4822 
4810 4560 
4811 4754 
4812 4563 
4813 4563 
4814 4563 
4815 4540 4816 
4816 4815 
4817 4696 
4818 4819 
4819 4574 4598 4601 4818 
4820 4639 
4821 4797 
4822 4672 4809 
4823 4779 
4824 4680 
4825 4531 4650 4679 
4826 4669 4781 
4827 4865 4883 4896 
4828 4865 4873 
4829 3321 4830 4844 
4830 3330 4829 4898 
4831 4476 4836 4840 4888 
4832 4895 4897 
4833 4846 4915 4922 
4834 4835 
4835 4834 4836 4848 4883 4896 
4836 2311 4831 4835 
4837 4880 4889 4903 
4838 4902 4903 
4839 4840 4841 4842 4866 
4840 4831 4839 4843 4886 
4841 4839 
4842 4839 
4843 4840 
4844 3453 4829 
4845 4847 
4846 4833 4847 4877 
4847 4845 4846 4872 4882 4899 
4848 2395 4835 
4849 3380 3384 4907 4908 4921 
4850 4854 4891 
4851 4859 4881 
4852 4853 
4853 2264 4852 4896 
4854 979 4850 
4855 4858 4870 
4856 4858 
4857 4859 
4858 2364 4855 4856 4859 
4859 4851 4857 4858 
4860 3294 4536 4866 
4861 3542 4862 4877 
4862 4861 4876 
4863 3317 4878 4886 
4864 3336 4922 
4865 4536 4827 4828 4866 
4866 4473 4839 4860 4865 4867 4868 4924 
4867 4866 
4868 4866 
4869 4879 4912 
4870 4855 4892 
4871 4872 4889 4904 4916 
4872 4847 4871 4890 
4873 4828 4883 4884 
4874 3340 3368 4875 
4875 3332 3341 4482 4874 4882 
4876 4862 4884 
4877 3371 3386 4846 4861 4878 4880 4913 4919 4923 
4878 4863 4877 4901 
4879 4869 4899 4914 
4880 4837 4877 
4881 137 4851 
4882 3347 4847 4875 
4883 4827 4835 4873 
4884 3641 3648 4873 4876 4885 
4885 4884 4886 4887 
4886 4840 4863 4885 4888 
4887 3344 4885 4888 4899 
4888 4831 4886 4887 
4889 4837 4871 
4890 4872 4892 
4891 4850 4892 
4892 67 4870 4890 4891 4893 
4893 1029 4892 
4894 4924 
4895 4832 4925 
4896 2213 4827 4835 4853 
4897 4832 4898 4925 
4898 4830 4897 4924 
4899 4847 4879 4887 
4900 4901 4906 4908 4920 
4901 1032 4878 4900 
4902 4838 4904 
4903 4837 4838 
4904 4871 4902 
4905 4906 4907 
4906 4900 4905 
4907 4849 4905 4918 
4908 4849 4900 
4909 4913 4923 
4910 4920 
4911 4922 
4912 4869 4917 
4913 4877 4909 
4914 4879 
4915 4833 
4916 4871 4921 
4917 4912 4923 
4918 4907 
4919 4877 
4920 4900 4910 
4921 4849 4916 
4922 4833 4864 4911 
4923 4877 4909 4917 
4924 4866 4894 4898 
4925 4895 4897 
4926 4694 4927 
4927 775 4926 4928 
4928 4927 4937 
4929 2 4930 4936 
4930 4929 
4931 4933 4934 
4932 4933 4938 
4933 781 4931 4932 
4934 4931 4936 
4935 4937 
4936 4929 4934 
4937 4928 4935 
4938 4932 4939 
4939 818 4938 
4940 385 394 450 