0 
1 
2 
3 
4 
5 0 
6 
7 0 5 
8 
9 
10 
11 
12 
13 
14 11 
15 4 
16 4 
17 
18 3 
19 4 
20 14 
21 
22 
23 12 
24 
25 
26 
27 7 24 
28 
29 
30 
31 27 
32 14 
33 
34 
35 
36 
37 7 
38 7 
39 4 
40 13 
41 7 
42 
43 
44 5 10 30 34 42 
45 
46 
47 
48 
49 13 38 
50 22 
51 
52 21 26 
53 0 5 7 8 9 18 28 35 36 37 46 50 
54 30 
55 1 10 44 50 51 
56 52 
57 30 44 
58 39 
59 
60 6 53 
61 
62 
63 29 52 
64 21 
65 40 
66 53 
67 21 28 
68 
69 48 52 
70 
71 7 28 43 50 55 60 61 68 
72 47 
73 42 44 50 59 
74 2 12 44 65 
75 0 
76 49 
77 27 
78 44 70 
79 55 
80 40 63 
81 
82 44 
83 17 
84 0 
85 
86 47 
87 40 
88 5 8 25 45 53 63 81 83 85 
89 55 
90 64 
91 53 
92 4 14 27 33 39 47 53 71 
93 10 
94 8 60 62 
95 20 