0 6 
1 16 
2 3 11 
3 2 
4 9 
5 8 
6 0 7 14 
7 6 
8 5 9 12 
9 4 8 10 
10 9 11 43 
11 2 10 20 
12 8 18 
13 14 
14 6 13 15 
15 14 16 34 
16 1 15 31 
17 18 
18 12 17 19 
19 18 22 51 
20 11 21 23 
21 20 39 
22 19 44 
23 20 31 
24 25 
25 24 26 28 
26 25 29 30 
27 28 35 
28 25 27 29 
29 26 28 36 
30 26 37 
31 16 23 34 41 
32 33 34 40 
33 32 
34 15 31 32 42 
35 27 38 
36 29 38 
37 30 38 44 
38 35 36 37 47 
39 21 71 
40 32 46 
41 31 52 
42 34 54 
43 10 56 
44 22 37 49 
45 46 
46 40 45 60 
47 38 48 50 
48 47 85 
49 44 50 64 
50 47 49 120 
51 19 128 
52 41 53 70 
53 52 54 
54 42 53 55 59 
55 54 62 
56 43 57 69 
57 56 81 
58 66 
59 54 61 62 
60 46 62 63 
61 59 65 67 
62 55 59 60 68 
63 60 
64 49 119 124 
65 61 78 
66 58 87 97 
67 61 89 
68 62 92 
69 56 80 
70 52 74 
71 39 73 
72 181 
73 71 75 
74 70 78 
75 73 76 
76 75 77 82 
77 76 80 
78 65 74 82 
79 80 81 
80 69 77 79 88 
81 57 79 94 
82 76 78 83 84 
83 82 95 
84 82 93 
85 48 87 
86 146 
87 66 85 108 
88 80 90 
89 67 91 92 157 
90 88 95 98 
91 89 93 
92 68 89 102 
93 84 91 95 100 
94 81 130 
95 83 90 93 99 
96 101 
97 66 118 
98 90 141 
99 95 152 
100 93 123 
101 96 115 146 
102 92 103 
103 102 104 105 106 
104 103 114 
105 103 
106 103 107 
107 106 109 110 
108 87 135 136 
109 107 112 113 
110 107 
111 113 
112 109 114 
113 109 111 116 
114 104 112 155 
115 101 
116 113 167 
117 118 154 190 
118 97 117 153 
119 64 122 
120 50 121 
121 120 140 
122 119 125 
123 100 142 149 
124 64 129 139 
125 122 129 143 
126 128 132 187 
127 128 131 
128 51 126 127 
129 124 125 145 
130 94 132 
131 127 139 
132 126 130 215 
133 134 135 
134 133 140 
135 108 133 136 218 
136 108 135 137 
137 136 138 198 
138 137 163 
139 124 131 144 
140 121 134 150 
141 98 151 
142 123 159 
143 125 147 
144 139 158 
145 129 270 
146 86 101 182 
147 143 148 196 
148 147 150 197 
149 123 152 177 
150 140 148 265 
151 141 152 164 
152 99 149 151 171 
153 118 189 
154 117 163 190 
155 114 157 161 
156 186 251 
157 89 155 162 
158 144 187 
159 142 160 168 
160 159 162 
161 155 162 166 
162 157 160 161 165 
163 138 154 193 
164 151 169 
165 162 166 173 
166 161 165 174 
167 116 170 174 194 
168 159 172 179 
169 164 192 
170 167 
171 152 188 
172 168 175 
173 165 179 
174 166 167 184 
175 172 176 
176 175 178 
177 149 180 
178 176 180 
179 168 173 185 
180 177 178 188 201 
181 72 183 
182 146 183 
183 181 182 199 
184 174 194 
185 179 201 222 
186 156 199 
187 126 158 195 
188 171 180 209 223 
189 153 251 332 
190 117 154 193 205 
191 192 208 
192 169 191 212 
193 163 190 198 
194 167 184 224 
195 187 219 226 
196 147 197 272 
197 148 196 286 
198 137 193 200 
199 183 186 241 
200 198 202 203 
201 180 185 221 
202 200 207 
203 200 206 
204 205 230 264 
205 190 204 264 
206 203 207 213 
207 202 206 216 
208 191 210 212 
209 188 211 
210 208 215 
211 209 212 
212 192 208 211 279 
213 206 214 216 
214 213 237 
215 132 210 217 
216 207 213 220 
217 215 225 
218 135 233 
219 195 232 
220 216 229 234 
221 201 274 
222 185 280 
223 188 273 
224 194 267 
225 217 227 231 
226 195 228 
227 225 228 
228 226 227 231 232 
229 220 230 
230 204 229 242 
231 225 228 245 
232 219 228 244 
233 218 235 236 
234 220 243 
235 233 236 239 
236 233 235 238 
237 214 238 240 
238 236 237 
239 235 250 
240 237 252 
241 199 268 
242 230 243 
243 234 242 259 
244 232 246 247 
245 231 248 
246 244 248 
247 244 249 
248 245 246 249 253 
249 247 248 254 
250 239 255 256 
251 156 189 268 
252 240 258 
253 248 293 
254 249 263 
255 250 256 260 
256 250 255 257 
257 256 261 284 
258 252 259 260 
259 243 258 344 
260 255 258 
261 257 265 
262 263 269 316 
263 254 262 
264 204 205 319 
265 150 261 271 
266 267 
267 224 266 282 
268 241 251 332 
269 262 277 327 
270 145 272 277 
271 265 291 323 
272 196 270 278 
273 223 275 276 303 
274 221 276 281 
275 273 279 
276 273 274 
277 269 270 
278 272 285 287 
279 212 275 290 
280 222 281 282 301 
281 274 280 304 
282 267 280 283 
283 282 300 
284 257 349 
285 278 287 289 
286 197 292 
287 278 285 288 
288 287 305 
289 285 292 
290 279 299 
291 271 295 
292 286 289 294 
293 253 297 299 
294 292 295 298 
295 291 294 296 
296 295 323 
297 293 315 335 
298 294 329 
299 290 293 317 
300 283 301 314 
301 280 300 304 312 
302 303 304 
303 273 302 308 311 
304 281 301 302 313 
305 288 325 
306 307 318 
307 306 310 
308 303 309 
309 308 310 
310 307 309 
311 303 320 
312 301 359 
313 304 357 
314 300 354 
315 297 316 
316 262 315 321 
317 299 318 350 
318 306 317 
319 264 371 
320 311 322 399 
321 316 326 333 
322 320 
323 271 296 330 331 
324 325 328 414 
325 305 324 343 
326 321 327 398 
327 269 326 328 
328 324 327 380 
329 298 340 
330 323 337 
331 323 334 
332 189 268 346 
333 321 335 
334 331 336 337 
335 297 333 338 
336 334 349 
337 330 334 339 
338 335 350 374 
339 337 340 469 
340 329 339 343 468 
341 342 353 
342 341 
343 325 340 
344 259 345 375 
345 344 390 
346 332 355 
347 348 
348 347 
349 284 336 352 
350 317 338 351 373 
351 350 353 
352 349 390 431 
353 341 351 403 
354 314 363 
355 346 394 
356 362 
357 313 358 359 521 
358 357 401 
359 312 357 360 491 
360 359 361 379 
361 360 363 
362 356 364 366 
363 354 361 364 
364 362 363 366 
365 366 
366 362 364 365 367 
367 366 368 378 
368 367 
369 370 375 
370 369 371 
371 319 370 372 417 
372 371 417 
373 350 374 409 
374 338 373 412 
375 344 369 376 377 
376 375 391 
377 375 392 
378 367 384 
379 360 388 
380 328 398 463 
381 382 
382 381 384 
383 385 386 
384 378 382 386 395 
385 383 388 
386 383 384 
387 390 393 419 
388 379 385 389 
389 388 493 
390 345 352 387 433 
391 376 392 396 
392 377 391 393 
393 387 392 
394 355 408 
395 384 400 
396 391 406 
397 406 
398 326 380 405 
399 320 402 
400 395 411 
401 358 404 
402 399 403 404 
403 353 402 
404 401 402 407 425 
405 398 415 463 
406 396 397 410 
407 404 464 
408 394 421 
409 373 441 
410 406 418 432 
411 400 416 520 
412 374 413 
413 412 415 594 
414 324 457 
415 405 413 
416 411 
417 371 372 418 
418 410 417 422 
419 387 423 
420 421 424 
421 408 420 426 
422 418 424 
423 419 435 455 
424 420 422 427 
425 404 462 
426 421 427 
427 424 426 428 
428 427 429 
429 428 434 
430 438 
431 352 494 
432 410 434 
433 390 461 
434 429 432 436 437 
435 423 466 
436 434 439 
437 434 445 
438 430 440 
439 436 440 
440 438 439 442 
441 409 444 534 
442 440 443 
443 442 
444 441 462 
445 437 446 
446 445 447 448 
447 446 452 
448 446 458 
449 457 504 
450 451 454 
451 450 452 453 
452 447 451 
453 451 503 
454 450 456 
455 423 456 
456 454 455 459 
457 414 449 547 
458 448 
459 456 460 
460 459 467 
461 433 477 487 
462 425 444 465 
463 380 405 513 
464 407 523 
465 462 524 
466 435 470 
467 460 470 
468 340 469 536 
469 339 468 535 
470 466 467 471 473 
471 470 474 
472 475 476 
473 470 484 
474 471 476 
475 472 477 
476 472 474 478 
477 461 475 479 
478 476 480 
479 477 482 
480 478 481 
481 480 482 
482 479 481 483 485 
483 482 488 
484 473 499 
485 482 486 
486 485 492 
487 461 489 
488 483 489 
489 487 488 490 
490 489 497 
491 359 496 
492 486 506 
493 389 496 
494 431 502 529 558 
495 498 502 
496 491 493 500 501 
497 490 505 
498 495 506 
499 484 503 
500 496 507 
501 496 516 
502 494 495 509 
503 453 499 526 
504 449 556 
505 497 510 
506 492 498 511 
507 500 519 
508 524 
509 502 510 
510 505 509 511 515 
511 506 510 
512 522 526 
513 463 588 
514 521 523 
515 510 557 
516 501 517 520 531 
517 516 519 
518 519 521 
519 507 517 518 528 
520 411 516 533 
521 357 514 518 
522 512 
523 464 514 539 
524 465 508 538 
525 526 
526 503 512 525 
527 575 
528 519 532 
529 494 537 
530 534 
531 516 623 
532 528 541 
533 520 616 
534 441 530 566 
535 469 536 537 
536 468 535 548 
537 529 535 564 
538 524 545 551 
539 523 540 542 
540 539 545 595 
541 532 544 
542 539 543 
543 542 544 
544 541 543 546 
545 538 540 573 
546 544 552 
547 457 553 
548 536 549 550 
549 548 593 603 
550 548 555 
551 538 563 576 
552 546 592 
553 547 554 555 
554 553 578 
555 550 553 591 
556 504 577 
557 515 561 
558 494 559 565 
559 558 560 571 
560 559 561 
561 557 560 562 
562 561 568 
563 551 566 
564 537 565 638 
565 558 564 
566 534 563 569 580 
567 569 576 
568 562 570 
569 566 567 579 
570 568 571 572 
571 559 570 
572 570 574 
573 545 609 625 
574 572 648 
575 527 652 
576 551 567 605 
577 556 581 
578 554 581 
579 569 607 
580 566 583 
581 577 578 582 590 
582 581 585 586 
583 580 584 
584 583 601 607 
585 582 588 
586 582 587 608 
587 586 590 
588 513 585 597 
589 590 591 
590 581 587 589 658 
591 555 589 613 
592 552 599 
593 549 603 610 
594 413 596 597 
595 540 600 
596 594 598 
597 588 594 
598 596 601 678 
599 592 600 604 
600 595 599 602 
601 584 598 
602 600 611 
603 549 593 635 
604 599 612 
605 576 606 609 659 
606 605 607 
607 579 584 606 734 
608 586 657 
609 573 605 625 
610 593 613 
611 602 621 
612 604 614 
613 591 610 637 
614 612 619 
615 616 
616 533 615 622 
617 619 621 
618 619 624 
619 614 617 618 620 
620 619 627 
621 611 617 628 
622 616 623 632 
623 531 622 624 
624 618 623 
625 573 609 626 672 
626 625 628 
627 620 629 
628 621 626 630 636 
629 627 633 
630 628 634 
631 632 
632 622 631 647 
633 629 634 
634 630 633 642 
635 603 640 
636 628 641 
637 613 669 
638 564 639 643 656 
639 638 651 
640 635 643 660 
641 636 644 
642 634 644 
643 638 640 
644 641 642 645 646 
645 644 671 
646 644 670 
647 632 684 689 
648 574 649 
649 648 650 652 653 
650 649 651 
651 639 650 655 
652 575 649 
653 649 654 
654 653 661 
655 651 662 
656 638 667 
657 608 682 
658 590 692 
659 605 664 673 
660 640 666 669 
661 654 663 
662 655 663 
663 661 662 665 
664 659 
665 663 695 
666 660 667 668 
667 656 666 759 
668 666 707 
669 637 660 681 
670 646 690 
671 645 686 
672 625 674 
673 659 754 
674 672 675 
675 674 676 
676 675 685 
677 679 
678 598 679 705 
679 677 678 682 706 
680 681 692 
681 669 680 725 
682 657 679 703 
683 684 
684 647 683 689 694 
685 676 688 
686 671 688 
687 689 690 
688 685 686 691 
689 647 684 687 693 
690 670 687 715 
691 688 697 
692 658 680 723 
693 689 745 
694 684 763 
695 665 701 
696 700 
697 691 704 
698 699 735 
699 698 701 
700 696 701 
701 695 699 700 702 
702 701 727 
703 682 708 711 
704 697 710 
705 678 706 718 
706 679 705 711 
707 668 713 
708 703 716 
709 710 717 
710 704 709 714 
711 703 706 712 719 
712 711 716 
713 707 722 
714 710 764 
715 690 717 755 
716 708 712 720 
717 709 715 
718 705 728 
719 711 733 
720 716 721 
721 720 726 
722 713 784 
723 692 724 741 
724 723 725 
725 681 724 794 
726 721 737 
727 702 730 
728 718 729 733 
729 728 732 
730 727 735 739 
731 732 734 
732 729 731 753 
733 719 728 736 742 
734 607 731 756 
735 698 730 747 
736 733 737 
737 726 736 738 740 
738 737 741 
739 730 800 
740 737 743 
741 723 738 785 
742 733 746 
743 740 744 
744 743 748 
745 693 749 
746 742 748 
747 735 752 790 
748 744 746 750 
749 745 751 
750 748 786 
751 749 787 
752 747 759 
753 732 795 
754 673 757 
755 715 780 781 
756 734 760 796 
757 754 758 766 
758 757 761 
759 667 752 768 
760 756 761 
761 758 760 775 
762 763 
763 694 762 789 
764 714 770 
765 767 779 
766 757 767 769 
767 765 766 
768 759 782 821 
769 766 771 
770 764 772 
771 769 772 
772 770 771 773 774 
773 772 778 
774 772 811 
775 761 777 
776 777 783 
777 775 776 778 
778 773 777 
779 765 780 
780 755 779 781 788 
781 755 780 787 807 
782 768 784 820 
783 776 798 
784 722 782 793 
785 741 815 
786 750 812 
787 751 781 791 808 
788 780 806 
789 763 792 861 
790 747 809 
791 787 792 
792 789 791 880 
793 784 805 
794 725 805 814 
795 753 797 
796 756 813 
797 795 813 
798 783 826 
799 802 
800 739 803 
801 803 810 
802 799 803 
803 800 801 802 804 
804 803 823 
805 793 794 814 824 
806 788 838 
807 781 854 
808 787 860 
809 790 810 822 
810 801 809 
811 774 838 
812 786 818 843 
813 796 797 825 
814 794 805 824 828 
815 785 816 839 
816 815 817 886 
817 816 887 
818 812 819 
819 818 841 844 
820 782 873 
821 768 833 
822 809 833 
823 804 940 
824 805 814 864 
825 813 827 
826 798 827 
827 825 826 829 830 
828 814 839 
829 827 834 
830 827 831 
831 830 832 961 
832 831 842 
833 821 822 875 
834 829 835 
835 834 836 837 
836 835 870 
837 835 970 
838 806 811 840 842 
839 815 828 868 879 
840 838 842 850 
841 819 848 
842 832 838 840 947 
843 812 845 
844 819 853 908 
845 843 846 847 
846 845 906 
847 845 859 
848 841 852 863 
849 850 851 
850 840 849 974 
851 849 854 
852 848 853 
853 844 852 867 910 
854 807 851 855 866 
855 854 902 
856 857 
857 856 858 
858 857 861 
859 847 862 872 
860 808 866 
861 789 858 876 
862 859 863 
863 848 862 865 
864 824 890 894 
865 863 877 913 
866 854 860 878 
867 853 913 
868 839 869 879 920 
869 868 891 
870 836 882 
871 873 894 
872 859 874 
873 820 871 896 967 
874 872 877 
875 833 881 885 
876 861 900 
877 865 874 
878 866 883 892 
879 839 868 886 
880 792 900 
881 875 888 
882 870 884 903 
883 878 899 902 
884 882 908 
885 875 898 
886 816 879 889 
887 817 893 
888 881 897 
889 886 909 
890 864 891 894 904 
891 869 890 904 
892 878 901 
893 887 
894 864 871 890 905 
895 897 938 
896 873 898 
897 888 895 898 930 
898 885 896 897 932 
899 883 911 
900 876 880 901 1048 
901 892 900 
902 855 883 907 914 
903 882 917 
904 890 891 905 921 
905 894 904 923 
906 846 912 
907 902 911 
908 844 884 910 919 
909 889 912 
910 853 908 926 
911 899 907 972 
912 906 909 915 916 
913 865 867 929 
914 902 958 
915 912 918 
916 912 922 
917 903 924 
918 915 929 
919 908 924 
920 868 978 
921 904 928 
922 916 933 
923 905 928 
924 917 919 925 927 
925 924 960 
926 910 929 
927 924 936 
928 921 923 987 
929 913 918 926 931 
930 897 932 
931 929 934 935 953 
932 898 930 964 
933 922 962 
934 931 948 
935 931 937 
936 927 939 
937 935 939 
938 895 945 
939 936 937 941 943 
940 823 944 
941 939 960 
942 944 980 
943 939 951 
944 940 942 945 946 
945 938 944 
946 944 998 
947 842 959 
948 934 950 
949 950 952 
950 948 949 951 954 
951 943 950 
952 949 956 
953 931 955 
954 950 1022 
955 953 956 
956 952 955 957 
957 956 968 
958 914 971 
959 947 961 973 
960 925 941 992 1013 
961 831 959 969 
962 933 963 978 
963 962 966 
964 932 965 
965 964 983 
966 963 975 
967 873 982 
968 957 975 
969 961 984 
970 837 984 
971 958 1023 
972 911 1078 
973 959 1006 
974 850 1023 
975 966 968 976 977 
976 975 1082 
977 975 1037 
978 920 962 994 
979 980 
980 942 979 991 
981 983 990 
982 967 986 1007 1008 
983 965 981 989 1021 
984 969 970 985 
985 984 992 
986 982 990 1019 
987 928 1033 
988 989 993 
989 983 988 
990 981 986 1015 
991 980 1016 1053 
992 960 985 996 1010 
993 988 997 1005 
994 978 1004 1028 
995 1006 1024 
996 992 1060 
997 993 999 
998 946 1000 
999 997 1000 
1000 998 999 1001 1002 
1001 1000 1052 
1002 1000 1051 
1003 1004 1030 
1004 994 1003 1028 
1005 993 1009 
1006 973 995 1060 1143 
1007 982 1008 1036 
1008 982 1007 1019 1043 
1009 1005 1034 
1010 992 1014 
1011 1012 1026 
1012 1011 1014 
1013 960 1026 
1014 1010 1012 1203 
1015 990 1018 1020 
1016 991 1017 1054 
1017 1016 
1018 1015 1021 
1019 986 1008 1020 1042 
1020 1015 1019 1046 
1021 983 1018 1148 
1022 954 1025 1047 1075 
1023 971 974 1024 1027 
1024 995 1023 1187 
1025 1022 1026 
1026 1011 1013 1025 
1027 1023 1078 1212 
1028 994 1004 1029 
1029 1028 1031 
1030 1003 1032 
1031 1029 1035 1056 
1032 1030 1061 
1033 987 1038 1061 
1034 1009 1072 
1035 1031 1044 
1036 1007 1041 
1037 977 1044 
1038 1033 1039 
1039 1038 1041 
1040 1045 1058 
1041 1036 1039 
1042 1019 1088 
1043 1008 1139 
1044 1035 1037 1050 1055 
1045 1040 1048 1062 
1046 1020 1088 
1047 1022 1086 
1048 900 1045 1049 1062 
1049 1048 1078 
1050 1044 1065 
1051 1002 1059 
1052 1001 1064 
1053 991 1063 
1054 1016 1096 
1055 1044 1140 
1056 1031 1057 1070 
1057 1056 1067 
1058 1040 
1059 1051 1068 
1060 996 1006 1143 
1061 1032 1033 1071 1101 
1062 1045 1048 1094 
1063 1053 1069 
1064 1052 1069 
1065 1050 1067 
1066 1068 1069 
1067 1057 1065 1077 
1068 1059 1066 1076 
1069 1063 1064 1066 1093 
1070 1056 1080 1109 
1071 1061 1080 
1072 1034 1073 
1073 1072 1074 1132 
1074 1073 1081 
1075 1022 1306 
1076 1068 1079 
1077 1067 1110 
1078 972 1027 1049 1131 
1079 1076 1084 
1080 1070 1071 1117 
1081 1074 1083 
1082 976 1089 1108 
1083 1081 1084 
1084 1079 1083 1085 
1085 1084 1087 
1086 1047 1089 1311 
1087 1085 1095 
1088 1042 1046 1141 
1089 1082 1086 1108 
1090 1091 1092 
1091 1090 1100 
1092 1090 1093 
1093 1069 1092 1098 
1094 1062 1106 1119 
1095 1087 1099 
1096 1054 1097 1144 
1097 1096 1100 1156 
1098 1093 1102 1152 
1099 1095 1105 
1100 1091 1097 1153 
1101 1061 1103 
1102 1098 1104 
1103 1101 1139 
1104 1102 1105 
1105 1099 1104 1107 
1106 1094 1202 
1107 1105 1116 
1108 1082 1089 1164 1355 
1109 1070 1111 
1110 1077 1111 
1111 1109 1110 1112 1114 
1112 1111 1113 1114 
1113 1112 1133 
1114 1111 1112 1115 
1115 1114 1120 
1116 1107 1121 
1117 1080 1130 
1118 1134 1136 
1119 1094 1131 
1120 1115 1123 
1121 1116 1122 
1122 1121 1126 1137 
1123 1120 1124 1125 
1124 1123 1128 
1125 1123 1127 
1126 1122 1158 
1127 1125 1133 1138 
1128 1124 1149 
1129 1130 1142 
1130 1117 1129 1134 1146 
1131 1078 1119 1150 
1132 1073 1151 
1133 1113 1127 1174 1199 
1134 1118 1130 1135 1181 
1135 1134 1136 
1136 1118 1135 1160 
1137 1122 1183 
1138 1127 1142 
1139 1043 1103 1141 1162 
1140 1055 1167 
1141 1088 1139 1147 
1142 1129 1138 1154 
1143 1006 1060 1194 
1144 1096 1156 1165 
1145 1166 
1146 1130 1155 
1147 1141 1148 1218 
1148 1021 1147 1151 1224 
1149 1128 1155 
1150 1131 1198 1210 
1151 1132 1148 1157 1169 
1152 1098 1153 1196 
1153 1100 1152 1156 1225 
1154 1142 1178 1206 
1155 1146 1149 1159 1161 
1156 1097 1144 1153 
1157 1151 1192 
1158 1126 1171 
1159 1155 1179 
1160 1136 1163 1166 
1161 1155 1168 
1162 1139 1163 
1163 1160 1162 1250 
1164 1108 1170 
1165 1144 1197 1217 
1166 1145 1160 1213 
1167 1140 1170 
1168 1161 1178 1180 
1169 1151 1173 
1170 1164 1167 1175 1177 
1171 1158 1172 
1172 1171 1173 
1173 1169 1172 1176 
1174 1133 1175 
1175 1170 1174 1182 
1176 1173 1242 
1177 1170 1182 1185 
1178 1154 1168 1186 1205 
1179 1159 1184 
1180 1168 1181 
1181 1134 1180 1186 1209 
1182 1175 1177 1200 
1183 1137 1188 
1184 1179 1193 
1185 1177 1211 1214 
1186 1178 1181 1201 
1187 1024 1232 
1188 1183 1189 1191 1195 
1189 1188 1190 
1190 1189 1196 
1191 1188 1192 
1192 1157 1191 1216 
1193 1184 1207 
1194 1143 1204 
1195 1188 1237 
1196 1152 1190 1247 
1197 1165 1217 1225 
1198 1150 1208 
1199 1133 1206 
1200 1182 1297 
1201 1186 1227 
1202 1106 1208 1223 
1203 1014 1215 1222 
1204 1194 1240 1252 
1205 1178 1206 1228 
1206 1154 1199 1205 1229 
1207 1193 1230 
1208 1198 1202 1310 
1209 1181 1219 
1210 1150 1269 
1211 1185 1349 
1212 1027 1271 
1213 1166 1219 
1214 1185 1348 
1215 1203 1220 1536 
1216 1192 1244 
1217 1165 1197 1318 
1218 1147 1224 1231 1254 
1219 1209 1213 1248 
1220 1215 1240 
1221 1223 
1222 1203 1238 
1223 1202 1221 1414 
1224 1148 1218 1241 1254 
1225 1153 1197 1233 
1226 1227 1228 
1227 1201 1226 1234 
1228 1205 1226 1229 1282 
1229 1206 1228 1280 
1230 1207 1236 
1231 1218 1253 
1232 1187 1255 1267 
1233 1225 1235 1314 
1234 1227 1236 
1235 1233 1259 1301 
1236 1230 1234 1239 1249 
1237 1195 1243 
1238 1222 1257 1272 
1239 1236 1248 
1240 1204 1220 1252 1266 
1241 1224 1263 
1242 1176 1258 
1243 1237 1245 1256 
1244 1216 1245 
1245 1243 1244 
1246 1247 1251 
1247 1196 1246 1274 
1248 1219 1239 1250 
1249 1236 1275 
1250 1163 1248 1253 1298 
1251 1246 1261 
1252 1204 1240 1255 1286 
1253 1231 1250 1323 
1254 1218 1224 1328 
1255 1232 1252 1267 
1256 1243 1302 
1257 1238 1306 
1258 1242 1264 
1259 1235 1260 
1260 1259 1261 1262 
1261 1251 1260 
1262 1260 1273 
1263 1241 1264 
1264 1258 1263 1265 
1265 1264 1284 
1266 1240 1285 
1267 1232 1255 1268 1279 
1268 1267 1271 
1269 1210 1270 1276 1494 
1270 1269 1271 1444 
1271 1212 1268 1270 
1272 1238 1436 
1273 1262 1277 
1274 1247 1283 
1275 1249 1287 
1276 1269 1310 
1277 1273 1278 1283 
1278 1277 1301 1321 
1279 1267 1292 
1280 1229 1281 1282 1345 
1281 1280 1296 
1282 1228 1280 1294 1346 
1283 1274 1277 1316 
1284 1265 1293 
1285 1266 1288 
1286 1252 1288 
1287 1275 1289 1304 
1288 1285 1286 1290 1541 
1289 1287 1303 
1290 1288 1291 
1291 1290 1292 
1292 1279 1291 1404 
1293 1284 1295 1299 
1294 1282 1334 
1295 1293 1315 
1296 1281 1300 1312 
1297 1200 1300 
1298 1250 1305 
1299 1293 1326 
1300 1296 1297 1312 
1301 1235 1278 1314 1357 
1302 1256 1317 
1303 1289 1305 
1304 1287 1324 
1305 1298 1303 1307 1313 
1306 1075 1257 1309 
1307 1305 1325 
1308 1309 1311 
1309 1306 1308 1438 
1310 1208 1276 1409 
1311 1086 1308 1355 
1312 1296 1300 1343 1367 
1313 1305 1434 
1314 1233 1301 1320 1359 
1315 1295 
1316 1283 1317 
1317 1302 1316 1322 
1318 1217 1319 
1319 1318 1320 1362 
1320 1314 1319 
1321 1278 1360 
1322 1317 1369 
1323 1253 1330 
1324 1304 1341 
1325 1307 1331 
1326 1299 1339 
1327 1329 1331 
1328 1254 1336 
1329 1327 1330 
1330 1323 1329 1332 1337 
1331 1325 1327 1351 
1332 1330 1333 
1333 1332 1335 
1334 1294 1341 
1335 1333 1336 
1336 1328 1335 1338 
1337 1330 1433 
1338 1336 1347 
1339 1326 1340 1342 1350 
1340 1339 1371 
1341 1324 1334 1353 
1342 1339 1347 
1343 1312 1345 
1344 1345 1352 
1345 1280 1343 1344 1358 
1346 1282 1368 
1347 1338 1342 
1348 1214 1349 1382 
1349 1211 1348 1354 1440 
1350 1339 1401 
1351 1331 1431 
1352 1344 1363 
1353 1341 1400 
1354 1349 1355 1439 
1355 1108 1311 1354 
1356 1359 1362 
1357 1301 1359 1360 1372 
1358 1345 1365 
1359 1314 1356 1357 1378 
1360 1321 1357 
1361 1362 
1362 1319 1356 1361 1370 
1363 1352 1364 
1364 1363 1368 
1365 1358 1366 
1366 1365 1367 
1367 1312 1366 1393 
1368 1346 1364 1403 
1369 1322 1373 
1370 1362 1376 1384 
1371 1340 1385 
1372 1357 1379 
1373 1369 1374 1375 
1374 1373 1383 
1375 1373 1380 
1376 1370 1381 1395 
1377 1379 1387 
1378 1359 1379 1381 
1379 1372 1377 1378 
1380 1375 1385 
1381 1376 1378 1420 
1382 1348 1388 
1383 1374 1386 
1384 1370 1397 1425 
1385 1371 1380 1390 
1386 1383 1389 
1387 1377 1389 
1388 1382 1393 1429 
1389 1386 1387 1391 1392 
1390 1385 1402 
1391 1389 1396 
1392 1389 1394 
1393 1367 1388 1408 
1394 1392 1503 
1395 1376 1399 
1396 1391 1407 
1397 1384 1398 
1398 1397 1399 1479 
1399 1395 1398 1420 
1400 1353 1405 
1401 1350 1411 
1402 1390 1406 
1403 1368 1405 
1404 1292 1512 
1405 1400 1403 1416 1422 
1406 1402 1407 1413 1419 
1407 1396 1406 
1408 1393 1415 
1409 1310 1414 1539 
1410 1411 1413 
1411 1401 1410 1412 
1412 1411 1418 
1413 1406 1410 
1414 1223 1409 1417 
1415 1408 1424 1426 
1416 1405 1434 
1417 1414 1421 1538 
1418 1412 1423 1478 
1419 1406 1491 
1420 1381 1399 1476 
1421 1417 
1422 1405 1448 
1423 1418 1462 
1424 1415 1427 
1425 1384 1477 
1426 1415 1428 1459 
1427 1424 1428 1429 1442 
1428 1426 1427 
1429 1388 1427 1430 
1430 1429 1437 1510 
1431 1351 1432 1434 1453 
1432 1431 
1433 1337 1443 
1434 1313 1416 1431 1445 
1435 1446 
1436 1272 1528 
1437 1430 1441 
1438 1309 1567 
1439 1354 1455 
1440 1349 1457 
1441 1437 1482 
1442 1427 1535 
1443 1433 1447 
1444 1270 1504 
1445 1434 1450 
1446 1435 1447 
1447 1443 1446 1452 1460 
1448 1422 1458 
1449 1450 1465 
1450 1445 1449 1451 1454 
1451 1450 1461 
1452 1447 1463 
1453 1431 1464 
1454 1450 1544 
1455 1439 1456 1481 
1456 1455 1475 
1457 1440 1470 1475 
1458 1448 1459 1461 1467 
1459 1426 1458 
1460 1447 1468 
1461 1451 1458 
1462 1423 1469 
1463 1452 1464 
1464 1453 1463 1465 1466 
1465 1449 1464 
1466 1464 1529 
1467 1458 1548 
1468 1460 1474 
1469 1462 1471 1472 1484 
1470 1457 1482 1572 
1471 1469 1490 
1472 1469 1473 
1473 1472 1474 
1474 1468 1473 1480 
1475 1456 1457 1576 
1476 1420 1479 1497 
1477 1425 1486 
1478 1418 1488 
1479 1398 1476 
1480 1474 1587 
1481 1455 1570 
1482 1441 1470 1492 
1483 1485 
1484 1469 1581 
1485 1483 1486 
1486 1477 1485 1487 1489 
1487 1486 1515 
1488 1478 1490 1493 
1489 1486 1579 
1490 1471 1488 
1491 1419 1495 
1492 1482 1523 1573 
1493 1488 1508 
1494 1269 1532 
1495 1491 1498 1502 
1496 1498 1500 
1497 1476 1514 
1498 1495 1496 1506 
1499 1500 1501 1509 
1500 1496 1499 
1501 1499 1522 
1502 1495 1505 
1503 1394 1517 
1504 1444 1511 1532 
1505 1502 1507 
1506 1498 1524 
1507 1505 1508 1521 
1508 1493 1507 
1509 1499 1525 
1510 1430 1523 1533 1561 
1511 1504 1519 
1512 1404 1519 1543 1569 
1513 1514 1516 
1514 1497 1513 1515 1527 
1515 1487 1514 
1516 1513 1518 
1517 1503 1518 1520 1526 
1518 1516 1517 
1519 1511 1512 1569 
1520 1517 1522 
1521 1507 1562 
1522 1501 1520 
1523 1492 1510 
1524 1506 1525 1560 1564 
1525 1509 1524 1605 
1526 1517 1547 
1527 1514 1558 
1528 1436 1531 
1529 1466 1544 1615 
1530 1531 1536 
1531 1528 1530 1588 
1532 1494 1504 1534 
1533 1510 1535 
1534 1532 1545 1549 
1535 1442 1533 1554 
1536 1215 1530 1540 1589 
1537 1538 
1538 1417 1537 1539 1719 
1539 1409 1538 1542 
1540 1536 1541 
1541 1288 1540 1543 1591 
1542 1539 1546 1590 
1543 1512 1541 
1544 1454 1529 1551 1607 
1545 1534 1546 
1546 1542 1545 
1547 1526 1550 
1548 1467 1553 
1549 1534 1578 
1550 1547 1552 1556 
1551 1544 1553 
1552 1550 1559 
1553 1548 1551 1555 1557 
1554 1535 1561 
1555 1553 1594 
1556 1550 1565 
1557 1553 1586 
1558 1527 1559 1597 
1559 1552 1558 
1560 1524 1639 
1561 1510 1554 1563 
1562 1521 1566 
1563 1561 1580 
1564 1524 1566 
1565 1556 1604 
1566 1562 1564 1568 
1567 1438 1583 
1568 1566 1577 
1569 1512 1519 1602 1603 
1570 1481 1571 1585 1627 
1571 1570 1576 
1572 1470 1573 1576 1626 
1573 1492 1572 1574 1677 
1574 1573 1575 
1575 1574 1580 
1576 1475 1571 1572 1629 
1577 1568 1625 
1578 1549 1716 
1579 1489 1597 1699 
1580 1563 1575 1582 1598 
1581 1484 1584 1596 
1582 1580 1606 
1583 1567 1585 1588 1614 
1584 1581 1608 1656 
1585 1570 1583 
1586 1557 1595 
1587 1480 1609 
1588 1531 1583 
1589 1536 1820 
1590 1542 1735 
1591 1541 1755 
1592 1593 1598 
1593 1592 1594 
1594 1555 1593 
1595 1586 1600 1621 
1596 1581 1620 1654 
1597 1558 1579 1599 1698 
1598 1580 1592 
1599 1597 1601 
1600 1595 1622 
1601 1599 1619 1645 
1602 1569 1730 
1603 1569 1616 
1604 1565 1617 
1605 1525 1623 
1606 1582 1695 
1607 1544 1615 1622 1675 
1608 1584 1609 
1609 1587 1608 1613 
1610 1611 1615 
1611 1610 1612 1624 
1612 1611 1613 
1613 1609 1612 
1614 1583 1647 1648 
1615 1529 1607 1610 1673 
1616 1603 1722 
1617 1604 1618 1623 
1618 1617 1619 
1619 1601 1618 1649 
1620 1596 1633 
1621 1595 1651 
1622 1600 1607 1665 
1623 1605 1617 1628 1635 
1624 1611 1657 
1625 1577 1630 
1626 1572 1629 1640 
1627 1570 1634 1781 
1628 1623 1632 
1629 1576 1626 1641 
1630 1625 1631 1636 
1631 1630 1633 
1632 1628 1644 
1633 1620 1631 1678 
1634 1627 1637 
1635 1623 1759 
1636 1630 1653 
1637 1634 1638 
1638 1637 1641 
1639 1560 1643 
1640 1626 1677 1724 
1641 1629 1638 1771 
1642 1643 1660 
1643 1639 1642 1644 1646 
1644 1632 1643 
1645 1601 1691 
1646 1643 1706 
1647 1614 1837 
1648 1614 1650 
1649 1619 1692 
1650 1648 1652 
1651 1621 1655 
1652 1650 1784 
1653 1636 1659 
1654 1596 1661 
1655 1651 1658 1662 
1656 1584 1666 
1657 1624 1674 
1658 1655 1664 
1659 1653 1660 1671 1685 
1660 1642 1659 
1661 1654 1663 1669 
1662 1655 1683 
1663 1661 1670 
1664 1658 1687 
1665 1622 1701 
1666 1656 1667 1668 1679 
1667 1666 1669 
1668 1666 1676 
1669 1661 1667 
1670 1663 1671 
1671 1659 1670 
1672 1674 1690 
1673 1615 1688 
1674 1657 1672 1676 1684 
1675 1607 1682 
1676 1668 1674 
1677 1573 1640 1695 
1678 1633 1689 
1679 1666 1707 
1680 1687 1704 
1681 1682 1686 
1682 1675 1681 1683 1693 
1683 1662 1682 
1684 1674 1725 
1685 1659 1732 
1686 1681 1688 
1687 1664 1680 1694 
1688 1673 1686 1690 
1689 1678 1703 
1690 1672 1688 
1691 1645 1696 
1692 1649 1696 
1693 1682 1714 
1694 1687 1700 1702 
1695 1606 1677 1705 
1696 1691 1692 1697 
1697 1696 1698 
1698 1597 1697 1699 1757 
1699 1579 1698 1801 
1700 1694 1710 
1701 1665 1711 
1702 1694 1715 
1703 1689 1709 1775 
1704 1680 1705 1710 
1705 1695 1704 1724 1787 
1706 1646 1708 
1707 1679 1740 
1708 1706 1709 
1709 1703 1708 1774 
1710 1700 1704 1713 
1711 1701 1712 
1712 1711 1721 1743 
1713 1710 1715 1765 
1714 1693 1726 1728 
1715 1702 1713 1720 
1716 1578 1717 1742 
1717 1716 1718 1723 
1718 1717 1729 
1719 1538 1736 
1720 1715 1743 
1721 1712 1727 
1722 1616 1729 
1723 1717 1869 1997 
1724 1640 1705 1771 
1725 1684 1756 
1726 1714 1731 
1727 1721 1737 1761 
1728 1714 1731 
1729 1718 1722 1730 
1730 1602 1729 1755 
1731 1726 1728 1733 
1732 1685 1741 
1733 1731 1737 1744 
1734 1736 
1735 1590 1736 1742 1909 
1736 1719 1734 1735 1850 
1737 1727 1733 1744 
1738 1740 1766 
1739 1740 1741 
1740 1707 1738 1739 1748 
1741 1732 1739 1746 
1742 1716 1735 1868 
1743 1712 1720 1763 
1744 1733 1737 1745 1753 
1745 1744 1747 1749 
1746 1741 1751 
1747 1745 1750 1752 
1748 1740 1754 
1749 1745 1789 
1750 1747 1783 
1751 1746 1754 
1752 1747 1760 1768 
1753 1744 1758 1796 
1754 1748 1751 1767 1773 
1755 1591 1730 1764 
1756 1725 1770 
1757 1698 1759 
1758 1753 1772 
1759 1635 1757 1776 
1760 1752 1762 1794 
1761 1727 1762 1785 
1762 1760 1761 1769 
1763 1743 1765 
1764 1755 1820 1964 
1765 1713 1763 1787 1842 
1766 1738 1770 
1767 1754 1804 
1768 1752 1783 
1769 1762 1792 
1770 1756 1766 1772 1779 
1771 1641 1724 1777 1778 
1772 1758 1770 
1773 1754 1791 
1774 1709 1786 
1775 1703 1821 
1776 1759 1788 
1777 1771 1778 1787 1831 
1778 1771 1777 1780 
1779 1770 1802 
1780 1778 1782 1833 
1781 1627 1782 1784 
1782 1780 1781 
1783 1750 1768 1789 1798 
1784 1652 1781 1819 
1785 1761 1792 1826 
1786 1774 1816 1822 
1787 1705 1765 1777 1845 
1788 1776 1797 1801 
1789 1749 1783 1790 
1790 1789 1795 1799 
1791 1773 1830 
1792 1769 1785 1793 1825 
1793 1792 1794 
1794 1760 1793 1800 
1795 1790 1796 
1796 1753 1795 1812 
1797 1788 1810 
1798 1783 1805 
1799 1790 1808 
1800 1794 1807 
1801 1699 1788 1803 
1802 1779 1814 
1803 1801 
1804 1767 1815 
1805 1798 1808 1811 
1806 1812 1813 1836 
1807 1800 1811 1828 
1808 1799 1805 1812 
1809 1813 1814 
1810 1797 1824 
1811 1805 1807 
1812 1796 1806 1808 1849 
1813 1806 1809 
1814 1802 1809 1815 1818 
1815 1804 1814 1817 1818 
1816 1786 1822 1823 
1817 1815 1830 
1818 1814 1815 1832 
1819 1784 1837 1841 
1820 1589 1764 1838 2003 
1821 1775 1822 1829 
1822 1786 1816 1821 1844 
1823 1816 1824 
1824 1810 1823 1835 
1825 1792 1826 1827 1872 
1826 1785 1825 1878 
1827 1825 1828 
1828 1807 1827 1834 
1829 1821 1830 
1830 1791 1817 1829 1889 
1831 1777 1833 1845 
1832 1818 1859 
1833 1780 1831 1843 
1834 1828 1866 
1835 1824 1839 1847 
1836 1806 1848 1858 
1837 1647 1819 1838 1917 
1838 1820 1837 
1839 1835 1851 1853 
1840 1852 
1841 1819 1962 
1842 1765 1845 1865 
1843 1833 1961 
1844 1822 1846 1884 
1845 1787 1831 1842 1880 
1846 1844 1847 1879 
1847 1835 1846 
1848 1836 1856 
1849 1812 1854 1857 
1850 1736 1852 1906 
1851 1839 1933 
1852 1840 1850 1907 
1853 1839 1885 
1854 1849 1855 1866 
1855 1854 1916 
1856 1848 1860 
1857 1849 1864 
1858 1836 1864 
1859 1832 1861 
1860 1856 1861 
1861 1859 1860 1862 1863 
1862 1861 1888 
1863 1861 1871 
1864 1857 1858 1874 1904 
1865 1842 1882 
1866 1834 1854 1867 1870 
1867 1866 1872 
1868 1742 1869 
1869 1723 1868 1919 
1870 1866 1918 
1871 1863 1876 
1872 1825 1867 1873 
1873 1872 1883 1911 
1874 1864 1875 
1875 1874 1876 
1876 1871 1875 1877 
1877 1876 1891 
1878 1826 1882 1883 
1879 1846 1884 1926 
1880 1845 1892 
1881 1885 1937 
1882 1865 1878 1883 1886 
1883 1873 1878 1882 1908 
1884 1844 1879 1887 1926 
1885 1853 1881 1890 
1886 1882 1903 1915 
1887 1884 1900 
1888 1862 1889 1912 
1889 1830 1888 1898 
1890 1885 1922 
1891 1877 1895 
1892 1880 1897 
1893 1894 1904 
1894 1893 1895 
1895 1891 1894 1896 1899 
1896 1895 1920 
1897 1892 1901 
1898 1889 1900 1910 
1899 1895 1921 
1900 1887 1898 1914 
1901 1897 1902 
1902 1901 1905 
1903 1886 1915 1925 
1904 1864 1893 1916 1944 
1905 1902 1924 
1906 1850 1930 
1907 1852 2032 
1908 1883 1911 1950 
1909 1735 2016 
1910 1898 1967 
1911 1873 1908 1918 1949 
1912 1888 1946 
1913 1914 1929 
1914 1900 1913 1923 
1915 1886 1903 1939 
1916 1855 1904 1918 1945 
1917 1837 1988 
1918 1870 1911 1916 1947 
1919 1869 2031 
1920 1896 1953 
1921 1899 1941 
1922 1890 1935 
1923 1914 1982 
1924 1905 1925 1928 
1925 1903 1924 1927 
1926 1879 1884 1929 1932 
1927 1925 1928 1939 
1928 1924 1927 1975 1989 
1929 1913 1926 1931 1986 
1930 1906 2033 
1931 1929 1932 1987 
1932 1926 1931 1933 1993 
1933 1851 1932 1934 1985 
1934 1933 1935 
1935 1922 1934 1937 
1936 1937 1938 
1937 1881 1935 1936 
1938 1936 1955 
1939 1915 1927 1940 
1940 1939 1950 1968 
1941 1921 1943 
1942 1943 1944 
1943 1941 1942 1951 1954 
1944 1904 1942 1945 
1945 1916 1944 1947 1969 
1946 1912 1953 
1947 1918 1945 1949 1983 
1948 2034 
1949 1911 1947 1950 
1950 1908 1940 1949 1980 
1951 1943 1953 
1952 1956 
1953 1920 1946 1951 1971 
1954 1943 1970 
1955 1938 1957 1990 
1956 1952 1957 1958 1960 
1957 1955 1956 1958 
1958 1956 1957 1959 
1959 1958 2005 
1960 1956 2046 
1961 1843 1963 2004 
1962 1841 1963 1992 
1963 1961 1962 2039 
1964 1764 1965 2003 
1965 1964 1999 
1966 1967 1982 2025 
1967 1910 1966 1972 
1968 1940 1976 1977 
1969 1945 1973 1974 
1970 1954 2015 
1971 1953 1972 1974 
1972 1967 1971 
1973 1969 1983 2021 
1974 1969 1971 
1975 1928 1979 1989 
1976 1968 1979 
1977 1968 1978 
1978 1977 1980 
1979 1975 1976 
1980 1950 1978 1981 2068 
1981 1980 1984 
1982 1923 1966 1986 2012 
1983 1947 1973 1984 
1984 1981 1983 
1985 1933 2008 
1986 1929 1982 1987 2012 
1987 1931 1986 1993 2007 
1988 1917 1992 2002 
1989 1928 1975 1991 2013 
1990 1955 2008 
1991 1989 2001 
1992 1962 1988 2038 
1993 1932 1987 2006 
1994 1995 1998 
1995 1994 1996 
1996 1995 1999 
1997 1723 1998 
1998 1994 1997 2036 
1999 1965 1996 2000 
2000 1999 2063 2064 
2001 1991 2004 
2002 1988 2003 
2003 1820 1964 2002 2043 
2004 1961 2001 2014 
2005 1959 2109 
2006 1993 2009 
2007 1987 2011 
2008 1985 1990 2009 2010 
2009 2006 2008 2010 2011 
2010 2008 2009 2071 
2011 2007 2009 2024 
2012 1982 1986 2027 
2013 1989 2014 
2014 2004 2013 2041 
2015 1970 2019 
2016 1909 2047 
2017 2018 2019 
2018 2017 2022 
2019 2015 2017 2021 2029 
2020 2024 2028 
2021 1973 2019 
2022 2018 2023 
2023 2022 2026 
2024 2011 2020 2111 
2025 1966 2045 
2026 2023 2042 
2027 2012 2035 
2028 2020 2030 
2029 2019 2076 
2030 2028 2035 
2031 1919 2049 
2032 1907 2034 2052 2124 
2033 1930 2047 
2034 1948 2032 2055 
2035 2027 2030 2044 
2036 1998 2037 2065 
2037 2036 2048 
2038 1992 2040 
2039 1963 2062 
2040 2038 2079 
2041 2014 2073 
2042 2026 2045 
2043 2003 2057 
2044 2035 2045 2058 
2045 2025 2042 2044 
2046 1960 2050 
2047 2016 2033 2051 
2048 2037 2049 
2049 2031 2048 2051 2056 
2050 2046 2070 2108 
2051 2047 2049 2054 2056 
2052 2032 2053 
2053 2052 2054 
2054 2051 2053 2060 
2055 2034 
2056 2049 2051 2059 2061 
2057 2043 2074 
2058 2044 2084 
2059 2056 2060 
2060 2054 2059 2091 
2061 2056 2130 
2062 2039 2072 2113 
2063 2000 2064 2065 
2064 2000 2063 2069 
2065 2036 2063 2133 
2066 2070 
2067 2068 2075 
2068 1980 2067 2081 2136 
2069 2064 2074 
2070 2050 2066 2096 2108 
2071 2010 2098 2103 
2072 2062 2078 
2073 2041 2078 
2074 2057 2069 2099 
2075 2067 2085 
2076 2029 2082 
2077 2087 2099 
2078 2072 2073 2081 2090 
2079 2040 2080 2083 
2080 2079 2087 
2081 2068 2078 
2082 2076 2086 
2083 2079 2114 
2084 2058 2094 
2085 2075 2086 
2086 2082 2085 2088 2089 
2087 2077 2080 2115 
2088 2086 2094 
2089 2086 2100 
2090 2078 2092 2095 
2091 2060 2128 2129 
2092 2090 2093 2097 
2093 2092 2113 
2094 2084 2088 2101 
2095 2090 2132 
2096 2070 2160 2184 
2097 2092 2141 
2098 2071 2103 2112 2149 
2099 2074 2077 2134 2198 
2100 2089 2104 
2101 2094 2102 2105 
2102 2101 2104 
2103 2071 2098 2109 
2104 2100 2102 2106 2107 
2105 2101 2116 
2106 2104 2135 
2107 2104 2119 
2108 2050 2070 2120 2159 
2109 2005 2103 2110 
2110 2109 2122 
2111 2024 2112 
2112 2098 2111 2117 
2113 2062 2093 2114 2118 
2114 2083 2113 2118 
2115 2087 2123 
2116 2105 2117 
2117 2112 2116 2145 
2118 2113 2114 2140 2167 
2119 2107 2152 
2120 2108 2122 
2121 2124 
2122 2110 2120 2158 
2123 2115 2126 2200 
2124 2032 2121 2125 
2125 2124 2127 2142 
2126 2123 2161 
2127 2125 2129 
2128 2091 2129 2130 2148 
2129 2091 2127 2128 2137 
2130 2061 2128 2131 2151 
2131 2130 2133 
2132 2095 2139 
2133 2065 2131 2134 2157 
2134 2099 2133 
2135 2106 2136 
2136 2068 2135 2150 2156 
2137 2129 2147 
2138 2144 2186 
2139 2132 2165 
2140 2118 2161 
2141 2097 2143 
2142 2125 2275 
2143 2141 2146 
2144 2138 2153 2154 
2145 2117 2246 
2146 2143 2162 
2147 2137 2276 
2148 2128 2279 
2149 2098 2267 
2150 2136 2155 
2151 2130 2226 
2152 2119 2202 
2153 2144 2156 
2154 2144 2197 
2155 2150 2203 
2156 2136 2153 
2157 2133 2250 
2158 2122 2172 
2159 2108 2181 
2160 2096 2229 
2161 2126 2140 2187 
2162 2146 2163 2166 2168 
2163 2162 2164 
2164 2163 2165 
2165 2139 2164 2169 2170 
2166 2162 2171 
2167 2118 2168 
2168 2162 2167 2179 
2169 2165 2176 2178 
2170 2165 2174 2175 
2171 2166 2173 2179 
2172 2158 2181 2209 
2173 2171 2174 
2174 2170 2173 2180 2185 
2175 2170 2176 2189 
2176 2169 2175 2177 2190 
2177 2176 2178 
2178 2169 2177 2186 
2179 2168 2171 2183 
2180 2174 
2181 2159 2172 2182 2227 
2182 2181 2184 
2183 2179 2185 
2184 2096 2182 2201 
2185 2174 2183 2187 
2186 2138 2178 2193 
2187 2161 2185 2188 
2188 2187 2191 
2189 2175 2190 2194 
2190 2176 2189 2194 2278 
2191 2188 2192 2196 
2192 2191 2225 2339 
2193 2186 2197 
2194 2189 2190 2195 
2195 2194 2196 2320 
2196 2191 2195 
2197 2154 2193 2217 2319 
2198 2099 2199 
2199 2198 2249 
2200 2123 2231 
2201 2184 2277 
2202 2152 2204 
2203 2155 2222 
2204 2202 2205 
2205 2204 2206 2207 2210 
2206 2205 2208 
2207 2205 2215 
2208 2206 2212 
2209 2172 2221 
2210 2205 2211 
2211 2210 2213 
2212 2208 2219 
2213 2211 2214 2218 
2214 2213 2215 
2215 2207 2214 2216 2236 
2216 2215 2223 2230 
2217 2197 2222 
2218 2213 2228 
2219 2212 2220 
2220 2219 2224 
2221 2209 2234 2253 
2222 2203 2217 2224 2242 
2223 2216 2235 
2224 2220 2222 
2225 2192 2243 
2226 2151 2254 2287 
2227 2181 2237 
2228 2218 2232 
2229 2160 2244 
2230 2216 2239 
2231 2200 2243 2248 
2232 2228 2240 
2233 2261 
2234 2221 2237 2258 
2235 2223 2239 2247 
2236 2215 2238 2241 
2237 2227 2234 2260 2268 
2238 2236 2240 
2239 2230 2235 2241 2351 
2240 2232 2238 2245 
2241 2236 2239 
2242 2222 2337 
2243 2225 2231 2290 
2244 2229 2252 2261 
2245 2240 2354 
2246 2145 2247 2255 
2247 2235 2246 
2248 2231 2249 
2249 2199 2248 2251 2288 
2250 2157 2251 2254 2353 
2251 2249 2250 
2252 2244 2294 
2253 2221 2257 2258 2274 
2254 2226 2250 
2255 2246 2256 2267 
2256 2255 2335 
2257 2253 2262 
2258 2234 2253 2263 2271 
2259 2260 2263 
2260 2237 2259 2264 
2261 2233 2244 2265 2266 
2262 2257 2267 
2263 2258 2259 2264 
2264 2260 2263 2273 
2265 2261 2321 
2266 2261 2297 
2267 2149 2255 2262 
2268 2237 2269 2273 
2269 2268 2270 
2270 2269 2277 
2271 2258 2273 2280 2292 
2272 2283 
2273 2264 2268 2271 2292 
2274 2253 2280 
2275 2142 2276 
2276 2147 2275 2282 
2277 2201 2270 2294 2299 
2278 2190 2319 
2279 2148 2285 
2280 2271 2274 
2281 2282 2284 2382 
2282 2276 2281 2283 
2283 2272 2282 2374 
2284 2281 2285 
2285 2279 2284 2286 
2286 2285 2287 2378 
2287 2226 2286 2355 
2288 2249 2289 
2289 2288 2295 2296 
2290 2243 2291 2295 
2291 2290 2344 
2292 2271 2273 2293 2323 
2293 2292 2306 
2294 2252 2277 
2295 2289 2290 2296 
2296 2289 2295 2313 2387 
2297 2266 2298 2314 2324 
2298 2297 2301 
2299 2277 2305 
2300 2301 2326 
2301 2298 2300 2302 
2302 2301 2315 
2303 2305 2307 
2304 2305 2308 
2305 2299 2303 2304 2309 
2306 2293 2310 
2307 2303 2310 
2308 2304 2316 
2309 2305 2334 
2310 2306 2307 2311 2312 
2311 2310 2347 
2312 2310 2334 
2313 2296 2353 
2314 2297 2317 
2315 2302 2317 
2316 2308 2317 
2317 2314 2315 2316 2318 
2318 2317 2399 
2319 2197 2278 2340 
2320 2195 2333 2346 
2321 2265 2329 
2322 2323 
2323 2292 2322 2332 
2324 2297 2327 
2325 2328 2329 
2326 2300 2327 
2327 2324 2326 2328 2330 
2328 2325 2327 
2329 2321 2325 2331 
2330 2327 2398 
2331 2329 2364 
2332 2323 2338 
2333 2320 2341 2390 
2334 2309 2312 2373 
2335 2256 2336 2357 2381 
2336 2335 2338 
2337 2242 2340 2352 2385 
2338 2332 2336 2345 
2339 2192 2343 2346 
2340 2319 2337 2342 
2341 2333 2342 
2342 2340 2341 2388 
2343 2339 2344 
2344 2291 2343 2393 
2345 2338 2348 
2346 2320 2339 2391 
2347 2311 2348 
2348 2345 2347 2349 2350 
2349 2348 2403 
2350 2348 2369 
2351 2239 2356 2360 
2352 2337 2358 
2353 2250 2313 2362 
2354 2245 2359 
2355 2287 2363 2392 
2356 2351 2357 2368 
2357 2335 2356 
2358 2352 2359 
2359 2354 2358 2360 2361 
2360 2351 2359 
2361 2359 2384 
2362 2353 2363 2371 
2363 2355 2362 
2364 2331 2366 
2365 2367 
2366 2364 2367 2370 
2367 2365 2366 
2368 2356 2383 
2369 2350 2373 2402 
2370 2366 2397 
2371 2362 2386 2389 
2372 2394 2395 
2373 2334 2369 2375 
2374 2283 2377 2597 
2375 2373 2396 
2376 2377 
2377 2374 2376 
2378 2286 2379 
2379 2378 2542 
2380 2381 2465 
2381 2335 2380 
2382 2281 2556 
2383 2368 2426 
2384 2361 2435 
2385 2337 2431 
2386 2371 2547 
2387 2296 2481 
2388 2342 2417 
2389 2371 2404 
2390 2333 2417 
2391 2346 2416 
2392 2355 2537 
2393 2344 2447 
2394 2372 2400 
2395 2372 2408 
2396 2375 2400 
2397 2370 2401 
2398 2330 2414 
2399 2318 2408 
2400 2394 2396 2439 
2401 2397 2405 
2402 2369 2421 
2403 2349 2418 
2404 2389 2419 2554 
2405 2401 2406 2407 
2406 2405 
2407 2405 2412 
2408 2395 2399 2409 
2409 2408 2410 2506 
2410 2409 2411 2618 
2411 2410 2414 
2412 2407 2415 2623 
2413 2414 2415 2555 
2414 2398 2411 2413 
2415 2412 2413 2555 
2416 2391 2417 2500 
2417 2388 2390 2416 2427 2507 
2418 2403 2423 
2419 2404 2539 
2420 2421 2424 
2421 2402 2420 2422 
2422 2421 2432 
2423 2418 2424 2425 
2424 2420 2423 
2425 2423 2474 
2426 2383 2428 2429 
2427 2417 2478 
2428 2426 2445 
2429 2426 2446 
2430 2434 2437 
2431 2385 2437 
2432 2422 2433 2614 
2433 2432 2439 
2434 2430 2436 
2435 2384 2444 
2436 2434 2438 2441 
2437 2430 2431 2440 2443 
2438 2436 2442 
2439 2400 2433 2506 
2440 2437 2482 
2441 2436 2535 
2442 2438 2444 
2443 2437 2495 
2444 2435 2442 2448 2458 
2445 2428 2449 
2446 2429 2454 
2447 2393 2450 
2448 2444 2502 
2449 2445 2451 2455 2462 
2450 2447 2459 
2451 2449 2452 
2452 2451 2454 
2453 2454 2466 
2454 2446 2452 2453 2461 
2455 2449 2477 
2456 2457 2459 
2457 2456 2470 
2458 2444 2464 
2459 2450 2456 2460 2463 
2460 2459 2496 
2461 2454 2488 
2462 2449 2491 
2463 2459 2533 
2464 2458 2479 
2465 2380 2476 
2466 2453 2467 
2467 2466 2469 2471 2472 
2468 2469 2475 
2469 2467 2468 
2470 2457 2473 
2471 2467 2498 
2472 2467 2536 
2473 2470 2493 
2474 2425 2476 
2475 2468 2476 
2476 2465 2474 2475 2480 
2477 2455 2486 
2478 2427 2490 
2479 2464 2483 2484 
2480 2476 2621 
2481 2387 2499 
2482 2440 2541 
2483 2479 2523 
2484 2479 2504 
2485 2486 2491 
2486 2477 2485 2501 
2487 2490 2494 
2488 2461 2489 2492 2497 
2489 2488 2497 2498 
2490 2478 2487 2495 2505 
2491 2462 2485 2492 
2492 2488 2491 2497 
2493 2473 2513 
2494 2487 2518 
2495 2443 2490 
2496 2460 2499 
2497 2488 2489 2492 
2498 2471 2489 2536 
2499 2481 2496 2503 2508 
2500 2416 2512 
2501 2486 2510 
2502 2448 2509 
2503 2499 2530 
2504 2484 2522 
2505 2490 2524 
2506 2409 2439 2613 
2507 2417 2526 
2508 2499 2531 
2509 2502 2514 2516 
2510 2501 2515 
2511 2512 2527 
2512 2500 2511 2513 2528 
2513 2493 2512 
2514 2509 2515 
2515 2510 2514 
2516 2509 2525 
2517 2519 2523 
2518 2494 2526 
2519 2517 2522 
2520 2531 2533 
2521 2524 2575 
2522 2504 2519 2525 2529 
2523 2483 2517 2535 
2524 2505 2521 2540 
2525 2516 2522 
2526 2507 2518 2527 
2527 2511 2526 
2528 2512 2550 
2529 2522 2586 
2530 2503 2546 
2531 2508 2520 2543 
2532 2534 2550 
2533 2463 2520 2534 2610 
2534 2532 2533 
2535 2441 2523 2538 
2536 2472 2498 2638 
2537 2392 2559 
2538 2535 2541 2593 
2539 2419 2548 
2540 2524 2541 
2541 2482 2538 2540 2584 
2542 2379 2549 
2543 2531 2544 2625 
2544 2543 2545 
2545 2544 2547 
2546 2530 2557 
2547 2386 2545 2553 
2548 2539 2558 
2549 2542 2551 2552 
2550 2528 2532 2575 
2551 2549 2573 
2552 2549 2574 
2553 2547 2560 
2554 2404 2566 
2555 2413 2415 2609 
2556 2382 2561 
2557 2546 2560 
2558 2548 2568 
2559 2537 2571 
2560 2553 2557 2564 2579 
2561 2556 2562 2563 2580 
2562 2561 2605 
2563 2561 2574 
2564 2560 2567 
2565 2566 2569 
2566 2554 2565 2567 2582 
2567 2564 2566 
2568 2558 2578 
2569 2565 2577 
2570 2571 2573 
2571 2559 2570 2572 2581 
2572 2571 2576 
2573 2551 2570 
2574 2552 2563 
2575 2521 2550 2635 
2576 2572 2578 
2577 2569 2578 
2578 2568 2576 2577 2583 
2579 2560 2594 
2580 2561 2633 
2581 2571 2585 
2582 2566 2590 
2583 2578 2585 
2584 2541 2641 
2585 2581 2583 2588 
2586 2529 2587 
2587 2586 2589 
2588 2585 2591 2608 
2589 2587 2596 
2590 2582 2592 2594 2616 
2591 2588 2592 
2592 2590 2591 
2593 2538 2595 
2594 2579 2590 2631 
2595 2593 2596 
2596 2589 2595 2598 2606 
2597 2374 2602 
2598 2596 2639 
2599 2600 
2600 2599 2602 
2601 2602 2603 
2602 2597 2600 2601 
2603 2601 2604 
2604 2603 2605 2607 
2605 2562 2604 
2606 2596 2640 
2607 2604 2611 
2608 2588 2612 
2609 2555 2617 2628 
2610 2533 2627 
2611 2607 
2612 2608 2636 2637 
2613 2506 2615 2619 
2614 2432 2615 2620 
2615 2613 2614 2629 
2616 2590 2622 2626 
2617 2609 2618 
2618 2410 2617 2619 
2619 2613 2618 2630 
2620 2614 2621 2632 
2621 2480 2620 
2622 2616 2624 
2623 2412 
2624 2622 
2625 2543 
2626 2616 
2627 2610 
2628 2609 
2629 2615 
2630 2619 
2631 2594 
2632 2620 
2633 2580 2634 
2634 2633 
2635 2575 
2636 2612 
2637 2612 
2638 2536 
2639 2598 
2640 2606 
2641 2584 