0 345 314 279 52 91 72 193 321 132 47 298 53 87 91 87 279 118 125 345 235 72 193 235 321 132 47 53 52 125 118 314 298 
1 114 332 342 19 332 225 19 225 148 311 148 115 114 115 325 311 342 325 
2 169 282 84 227 279 199 25 24 25 199 71 71 141 121 187 169 322 66 121 84 24 282 66 227 187 273 279 8 141 273 322 8 
3 151 327 194 305 151 194 274 217 274 327 272 217 77 180 305 272 77 180 
4 121 203 234 179 203 186 314 168 86 315 212 179 155 121 315 157 86 314 234 157 186 212 168 155 
5 88 88 146 146 318 218 94 318 218 94 
6 135 245 135 212 128 21 21 339 37 167 290 307 64 321 102 30 102 167 346 303 290 30 339 338 64 346 86 245 303 212 307 128 321 338 37 86 314 314 
7 244 258 90 90 244 263 263 258 200 109 200 192 192 109 
8 175 127 104 251 202 321 322 257 74 25 275 175 185 230 257 303 20 340 66 104 202 29 275 271 55 127 66 141 333 296 84 198 279 160 199 118 321 333 155 65 187 223 198 169 341 294 112 78 231 284 25 71 168 133 141 24 328 65 118 303 314 276 71 223 55 147 270 68 112 328 168 314 322 147 184 251 185 140 133 74 29 276 78 2 271 160 296 121 132 184 279 140 199 20 132 284 290 121 155 169 341 294 231 24 290 84 340 68 270 2 230 187 
9 290 141 168 331 66 290 284 276 284 276 199 322 141 199 66 168 322 331 
10 
11 
12 331 276 187 260 117 171 251 237 324 341 97 210 235 147 81 222 312 235 118 117 66 251 81 66 238 341 171 238 20 270 270 312 20 55 25 108 222 260 264 237 25 303 108 147 58 58 276 64 55 264 118 210 198 331 64 198 97 187 303 324 
13 19 115 143 114 225 311 150 225 115 27 40 143 213 311 148 27 213 325 40 342 19 150 342 309 114 325 309 148 
14 
15 260 260 328 331 330 28 171 81 117 328 28 117 330 171 81 331 
16 325 325 309 139 309 115 143 40 110 40 139 18 311 110 136 18 213 114 311 136 143 115 213 114 
17 
18 174 114 311 292 111 174 137 173 173 292 213 342 16 114 137 288 111 16 288 342 311 318 318 226 88 226 40 88 40 213 
19 213 332 148 13 1 43 1 114 225 43 40 110 311 161 114 161 225 148 311 325 110 213 332 13 342 342 40 325 
20 87 97 273 211 133 312 54 65 55 54 303 202 168 283 238 271 324 25 169 296 183 107 270 234 222 160 341 8 183 333 331 141 273 238 126 202 104 276 307 231 118 87 341 247 135 185 104 307 168 321 234 120 250 108 235 270 280 66 271 280 164 103 38 344 141 187 187 279 333 135 196 25 196 133 55 121 39 158 12 103 97 235 250 121 39 169 321 12 322 120 30 24 279 122 247 251 158 324 296 222 108 251 199 30 322 314 118 199 65 314 231 8 107 160 344 303 276 331 38 211 185 24 122 283 164 66 312 126 
21 6 6 338 323 276 184 167 86 157 338 307 276 167 323 184 307 346 346 157 86 
22 115 82 229 115 226 60 143 174 244 189 239 226 98 189 266 82 50 60 236 98 50 244 239 229 236 154 174 154 123 143 123 266 
23 345 301 52 79 186 186 248 298 91 265 179 193 301 93 100 179 298 52 56 345 241 93 265 193 241 100 91 79 56 248 
24 289 82 93 322 202 275 287 321 185 289 331 290 2 275 168 231 157 175 187 230 75 118 256 103 270 147 251 103 68 71 147 140 296 198 175 251 129 279 112 290 276 199 87 184 121 238 335 102 66 271 279 50 2 282 187 83 39 335 199 8 157 50 284 38 223 276 198 97 78 30 270 271 72 324 104 236 64 223 83 169 55 121 330 238 269 20 93 68 184 66 102 71 220 231 235 168 284 287 324 97 75 118 282 235 30 104 256 202 112 38 72 129 236 25 322 78 321 20 82 8 55 39 25 169 220 64 140 245 185 296 269 230 245 330 331 87 
25 275 276 55 296 251 133 2 333 108 256 20 157 8 198 2 312 117 264 202 71 307 231 247 127 121 175 68 112 333 238 160 270 168 103 187 175 324 314 54 66 118 303 39 307 68 314 297 199 275 160 122 294 127 117 276 97 78 235 187 78 279 140 8 251 290 140 303 199 122 97 169 132 321 20 185 331 157 61 171 223 54 296 169 202 238 132 121 270 184 12 211 231 331 312 256 290 12 279 118 61 171 284 222 294 235 133 108 71 284 168 39 222 297 65 66 112 24 223 324 321 103 141 185 24 322 141 322 65 198 55 264 247 184 211 
26 53 53 328 118 323 328 118 323 
27 311 309 311 143 114 150 225 325 325 225 13 143 139 114 40 40 115 13 148 150 115 309 148 139 
28 105 251 337 246 117 251 171 230 210 39 15 337 117 202 39 230 171 202 15 81 105 81 246 210 
29 303 302 270 55 199 47 8 177 187 321 199 72 55 235 328 330 321 330 72 270 212 212 187 223 302 223 328 8 303 47 235 177 
30 307 276 236 167 50 290 167 236 338 82 141 307 337 199 290 128 128 337 338 121 82 6 251 199 24 108 20 251 141 279 108 66 6 66 20 276 24 121 303 279 83 83 303 50 
31 309 166 166 309 336 136 92 136 336 92 
32 41 41 
33 172 172 
34 142 142 
35 134 250 308 319 126 250 283 196 107 134 196 183 183 107 283 319 280 280 308 126 
36 
37 338 331 177 247 140 6 247 321 116 140 116 177 321 338 6 331 
38 276 118 199 140 140 120 20 160 24 256 164 104 164 312 104 160 199 24 68 68 279 120 20 276 312 279 118 256 
39 71 198 264 331 157 199 168 212 132 231 297 231 279 230 132 333 270 76 273 314 25 198 328 71 168 55 140 212 303 270 28 211 140 273 223 157 271 324 141 230 24 276 316 306 238 28 264 20 271 141 76 211 131 20 303 333 256 257 306 202 321 256 171 331 112 112 66 321 25 324 131 171 66 314 276 223 279 55 199 328 24 202 297 238 257 316 
40 242 229 242 136 225 19 114 16 115 114 213 16 143 13 309 150 136 336 143 150 110 213 225 139 139 342 27 27 115 325 43 336 309 43 342 110 13 311 311 92 229 18 92 18 325 19 
41 32 32 
42 
43 19 342 342 311 110 19 311 40 40 110 
44 66 220 321 103 302 121 185 199 131 141 185 66 103 344 220 121 321 141 302 131 199 344 
45 174 176 174 277 142 277 142 176 
46 300 300 
47 56 118 319 319 52 79 125 129 321 298 29 87 53 0 72 72 87 202 179 79 329 179 56 118 331 329 331 270 53 270 298 198 202 198 321 301 0 52 29 129 125 301 
48 254 191 191 240 254 240 
49 276 313 147 112 145 202 118 313 145 118 330 202 276 333 112 108 108 330 147 333 
50 83 30 236 236 82 24 24 22 22 83 82 30 
51 191 191 
52 321 345 298 23 0 47 195 321 93 259 265 253 247 241 203 190 53 316 331 203 329 212 212 100 100 248 345 265 23 129 329 179 301 253 195 145 298 53 129 314 193 259 93 247 145 301 179 331 316 314 87 87 190 193 47 91 91 248 0 241 
53 26 312 118 26 47 52 0 328 312 328 52 118 47 0 
54 20 199 20 185 66 55 184 202 169 276 238 55 199 276 25 238 121 66 260 121 25 185 251 103 251 122 202 169 122 260 103 184 
55 169 66 133 108 25 103 87 140 264 184 127 20 296 237 238 29 251 102 131 58 54 231 160 321 74 330 65 289 206 118 168 160 61 331 271 220 168 58 341 65 135 210 202 121 237 71 187 198 8 81 54 333 135 297 59 211 340 29 198 202 221 312 210 276 230 74 341 71 141 121 296 303 102 314 39 117 289 275 321 103 199 290 185 221 303 302 187 238 199 322 20 184 8 324 284 251 66 297 211 312 62 220 87 290 24 331 302 12 169 185 171 324 108 140 131 330 231 222 59 97 275 264 117 212 81 333 118 260 61 133 322 284 97 276 230 112 206 12 62 127 39 24 314 171 271 340 222 270 212 112 25 270 260 141 
56 47 241 91 212 248 301 212 79 248 276 276 79 183 203 23 47 107 345 183 319 107 241 345 301 319 203 23 91 
57 268 268 106 170 106 170 
58 341 341 202 270 55 249 238 267 55 185 185 251 260 324 97 324 249 81 237 202 270 267 251 97 210 81 210 238 260 171 12 171 12 117 237 117 
59 284 321 312 55 290 238 238 284 290 321 55 157 157 312 
60 22 22 192 192 
61 132 235 238 199 160 322 275 55 235 66 141 185 160 66 238 322 321 169 222 140 198 340 25 121 321 317 129 97 141 260 275 340 97 317 140 121 25 198 223 260 129 55 223 95 132 222 199 185 169 95 
62 312 260 312 341 55 260 55 341 270 270 
63 216 170 149 118 188 216 188 99 118 170 99 149 
64 81 313 260 202 313 260 251 6 117 296 81 117 24 296 6 338 251 12 202 338 12 24 
65 141 20 112 55 133 55 66 8 238 251 8 303 238 141 66 251 121 20 303 25 112 307 333 333 133 121 25 307 
66 55 140 344 211 341 68 141 195 54 44 296 140 108 103 331 135 202 122 202 211 289 187 122 118 296 8 74 185 68 199 108 247 187 271 61 264 155 112 61 344 8 185 322 195 199 331 251 223 324 238 65 270 133 25 279 127 74 2 103 12 212 343 12 276 343 71 303 279 20 133 321 78 24 303 264 302 276 260 2 54 184 9 312 157 169 198 222 238 55 81 168 222 235 307 323 324 247 284 333 44 251 314 71 117 112 169 97 184 24 160 168 30 65 314 235 30 284 39 117 307 160 39 25 198 118 341 155 127 97 260 141 157 312 78 333 212 9 322 289 121 270 271 20 135 81 302 223 121 323 321 
67 176 174 224 226 98 142 226 142 262 174 98 295 224 262 295 176 
68 66 66 25 24 235 303 25 104 8 120 303 24 235 120 38 38 8 104 
69 229 229 
70 306 229 229 306 
71 39 140 251 164 290 2 2 199 25 164 140 112 231 55 24 290 39 55 271 66 112 8 171 251 8 297 211 66 171 198 24 271 131 231 211 328 238 25 131 238 270 328 297 199 270 198 
72 298 125 0 87 330 47 47 29 129 129 29 24 125 298 0 87 24 330 
73 
74 8 55 199 199 66 273 303 66 55 303 321 322 187 271 187 169 271 273 321 84 8 322 257 257 169 84 
75 269 24 269 24 
76 39 331 116 39 293 331 116 230 230 293 
77 272 217 272 217 274 327 305 305 180 180 194 194 3 327 274 3 
78 270 187 25 8 25 66 251 251 24 199 270 118 271 184 8 118 271 187 24 66 199 184 
79 186 329 319 23 47 56 314 100 265 179 193 193 93 299 265 241 56 91 87 47 203 298 345 186 248 212 345 172 172 298 248 212 299 93 241 314 23 203 100 179 87 329 319 91 
80 285 268 268 285 
81 64 270 168 230 210 237 202 330 157 117 55 83 147 12 157 251 118 313 169 313 12 198 58 260 169 120 64 171 267 171 198 147 117 312 122 97 324 260 66 15 58 97 312 28 118 230 221 122 237 270 251 55 28 210 317 120 168 221 324 83 15 317 202 267 330 66 
82 22 24 30 50 30 22 83 83 50 236 236 24 
83 235 223 50 223 81 236 236 24 82 264 24 82 303 264 275 303 312 50 312 30 275 81 30 235 
84 2 175 322 155 322 187 321 321 270 8 2 169 273 257 175 74 257 155 169 273 271 270 8 187 271 74 
85 224 277 277 224 174 226 174 176 226 176 
86 135 160 212 314 160 338 245 212 21 307 290 4 321 338 135 307 321 314 6 4 6 21 245 290 
87 20 185 55 125 72 47 177 47 235 20 163 0 163 105 129 321 79 321 302 24 0 105 335 55 125 241 235 335 302 72 52 129 52 241 79 185 177 24 
88 5 5 318 326 94 94 318 326 218 18 18 218 146 146 
89 178 178 
90 7 192 7 263 109 244 258 109 244 200 192 258 263 200 
91 345 56 241 0 193 179 23 186 203 93 186 79 298 0 93 193 203 195 345 329 195 265 298 253 248 100 329 265 23 301 179 253 301 52 52 100 248 56 241 79 
92 166 166 309 309 336 336 136 136 31 110 31 40 110 40 
93 299 24 329 301 203 345 52 298 79 319 314 91 23 253 179 91 100 299 186 248 248 23 203 298 186 265 319 241 193 24 179 253 52 241 79 314 301 345 100 265 193 329 
94 326 318 146 88 88 146 5 326 318 5 
95 322 132 273 132 189 212 223 212 313 273 189 223 313 322 61 61 
96 229 181 229 181 
97 199 20 331 270 264 171 210 222 330 284 198 279 147 324 202 103 121 122 330 112 12 341 275 260 324 171 279 312 314 127 58 271 303 276 140 25 102 260 222 314 264 251 140 25 169 24 185 81 118 117 112 271 20 58 257 251 61 284 81 290 66 61 290 185 103 108 55 341 237 198 312 122 24 121 275 117 210 55 147 66 118 257 169 237 238 270 202 102 199 12 303 238 108 276 127 331 
98 295 130 174 67 101 22 295 101 277 262 224 176 22 130 226 176 142 174 226 67 277 262 224 142 
99 149 322 188 216 268 162 63 118 149 118 188 162 63 216 322 268 
100 298 79 253 186 193 345 186 193 265 301 52 23 52 329 203 93 265 241 248 298 248 345 316 203 253 179 316 91 23 179 79 241 93 301 91 329 
101 295 295 98 226 98 262 262 226 174 174 
102 284 55 270 338 322 168 184 284 251 135 210 55 97 24 6 171 6 171 251 199 322 184 270 24 199 210 338 168 135 97 
103 55 331 324 302 302 321 112 127 317 187 66 44 294 97 122 24 343 185 199 24 141 25 187 168 324 168 66 185 202 321 112 55 121 141 108 20 202 199 127 251 20 122 343 44 54 97 108 121 270 211 211 276 238 317 276 331 294 25 251 238 54 270 
104 8 276 271 235 276 8 20 20 279 256 235 314 68 147 24 38 38 279 118 118 24 271 147 68 256 314 
105 28 168 328 87 230 87 230 237 328 331 28 237 331 168 
106 170 57 170 57 
107 196 283 283 20 280 271 250 35 126 319 280 183 319 196 35 158 56 271 56 158 126 20 250 183 
108 117 324 55 118 199 199 185 330 25 66 251 185 302 323 323 147 66 238 303 157 118 330 321 251 141 20 202 302 228 141 103 228 331 284 202 168 321 294 270 294 30 284 313 303 121 49 147 12 117 276 55 30 49 103 97 157 12 20 313 331 270 276 238 25 296 322 296 322 168 121 97 324 
109 263 90 258 258 7 90 263 7 
110 342 278 278 336 136 311 311 309 342 43 19 309 336 16 213 16 40 19 213 92 40 325 43 92 325 136 
111 173 18 18 173 
112 260 103 260 141 65 251 333 131 341 118 97 71 49 147 270 25 66 198 199 24 312 164 8 324 71 171 103 157 276 238 202 147 199 303 303 120 341 168 270 8 97 164 187 49 312 290 133 238 66 324 141 171 118 121 202 251 290 276 284 39 39 121 284 187 24 25 157 55 120 65 185 185 333 131 198 168 133 55 
113 
114 342 1 18 136 27 148 311 225 13 139 261 19 261 40 115 219 342 40 325 136 18 311 19 213 219 191 27 225 143 16 1 213 143 191 139 115 325 16 148 13 
115 22 13 22 148 325 311 16 213 139 225 13 114 40 143 143 342 342 27 213 225 161 40 1 1 311 161 16 148 114 139 325 27 
116 230 230 284 76 284 37 279 37 76 279 
117 324 108 133 198 260 282 12 238 160 323 25 267 210 330 199 28 321 81 221 267 330 171 341 171 323 202 312 198 64 341 12 260 25 55 276 303 210 28 64 81 251 160 97 270 15 199 66 133 108 321 264 15 55 66 238 282 276 97 221 237 312 303 58 264 270 324 237 251 202 58 
118 322 187 338 47 169 108 170 341 53 38 198 284 331 328 322 251 317 184 312 55 147 112 216 66 175 24 121 270 124 238 198 207 268 184 108 20 323 187 216 279 127 81 8 25 63 124 324 270 247 131 12 49 0 188 49 149 331 330 170 26 268 162 228 284 8 202 324 97 47 276 238 296 251 330 99 63 162 276 53 99 296 112 81 78 104 145 260 25 341 145 131 78 202 104 199 24 20 279 147 55 127 66 26 338 97 328 199 149 121 12 38 175 207 228 312 0 247 169 323 317 260 188 
119 246 276 276 135 135 246 
120 164 279 164 205 314 235 20 38 81 112 168 235 168 279 20 68 314 81 68 112 38 205 
121 284 321 344 322 199 4 247 140 273 275 283 322 97 223 141 2 140 127 118 44 25 55 141 238 279 122 135 279 30 168 155 202 199 260 24 54 260 302 55 303 212 251 302 2 331 103 271 235 169 324 341 273 160 343 251 223 234 284 235 187 127 324 247 331 303 270 61 54 20 168 234 20 185 160 25 24 108 271 276 4 175 344 112 296 155 61 103 314 321 250 296 112 8 341 65 314 97 30 44 343 283 276 122 202 8 270 275 187 212 118 108 185 231 231 66 280 238 65 66 169 175 280 135 250 
122 199 341 333 66 97 103 66 185 260 251 121 317 25 199 238 25 141 317 81 185 141 103 20 238 81 54 97 333 260 54 121 20 251 341 
123 169 156 169 156 22 22 
124 135 118 118 168 168 135 
125 72 47 87 259 321 259 0 72 87 321 0 47 
126 134 196 283 35 158 319 20 280 107 345 250 138 308 271 319 308 183 271 138 280 107 183 134 35 250 158 345 283 20 196 
127 8 175 55 149 103 264 264 321 312 175 25 121 169 210 321 270 8 198 97 314 118 185 66 251 169 212 212 25 247 251 270 168 121 103 333 171 149 185 210 247 222 168 171 202 333 314 118 222 66 312 198 55 202 97 
128 6 167 338 346 30 30 290 167 290 338 6 346 
129 328 47 299 321 203 299 203 72 87 72 24 256 345 328 321 52 61 190 212 190 52 345 212 61 24 276 256 87 276 47 
130 98 142 176 226 277 142 176 98 277 224 226 224 
131 55 133 133 112 316 333 157 44 302 118 314 302 276 314 310 241 39 310 333 276 157 55 71 118 71 316 39 112 241 44 
132 61 187 270 95 39 0 95 140 314 39 270 235 231 275 25 187 182 223 25 279 223 321 314 8 182 235 8 279 321 0 231 140 275 61 
133 55 117 20 25 251 131 131 65 66 251 198 141 303 202 66 8 20 237 303 112 117 202 8 141 333 25 237 55 276 333 198 247 65 112 276 247 
134 126 35 308 280 196 183 308 35 250 283 319 283 183 319 250 126 196 280 
135 6 6 338 124 168 284 155 86 321 66 338 323 55 55 20 102 303 121 168 307 155 119 307 314 321 145 20 119 145 86 212 124 245 284 212 303 314 323 102 245 66 121 
136 139 311 114 166 110 288 40 309 213 213 114 40 311 166 92 16 92 31 288 16 31 242 336 325 309 336 325 110 139 242 
137 18 18 
138 196 158 319 280 183 250 126 196 283 126 283 319 183 158 250 280 
139 136 325 16 114 115 16 213 27 40 311 40 311 143 143 213 114 115 325 136 27 
140 66 55 238 223 71 223 171 121 171 322 66 279 256 37 257 38 132 121 71 290 198 270 24 38 303 97 39 61 39 279 25 25 97 275 238 270 303 37 290 235 8 55 235 61 8 275 322 257 271 271 132 256 198 24 
141 169 235 160 65 307 344 322 66 9 321 112 157 2 121 270 30 20 276 121 160 61 284 103 8 322 302 270 108 169 279 133 157 55 333 185 44 108 103 168 296 296 39 20 122 8 187 39 307 122 321 251 61 331 65 284 202 302 112 30 185 279 314 133 276 199 333 251 344 235 168 331 2 9 66 314 25 44 202 187 238 25 238 55 199 
142 176 174 130 277 226 67 224 67 226 45 130 98 34 224 34 320 174 45 277 176 98 320 
143 225 325 27 13 22 342 150 16 115 115 40 40 13 27 150 225 114 148 114 139 148 16 22 139 311 325 311 342 
144 178 178 
145 284 312 49 49 312 338 284 135 147 52 135 316 147 118 118 52 338 316 
146 94 5 318 318 5 218 94 218 88 88 
147 97 118 108 49 112 24 81 12 24 228 338 338 271 175 223 112 145 104 81 271 8 108 8 260 145 270 12 228 118 184 97 104 49 175 260 270 184 223 
148 19 342 325 161 311 225 161 325 114 115 332 1 342 19 1 225 13 27 332 143 143 311 115 114 27 13 
149 127 99 170 162 328 328 323 63 188 188 118 170 99 127 323 216 216 118 63 162 
150 27 13 143 309 40 40 143 309 311 311 27 13 
151 180 3 3 274 338 274 338 180 
152 279 279 
153 218 218 
154 156 156 22 22 
155 135 84 294 66 187 8 121 135 271 4 121 257 294 84 66 8 257 187 234 4 234 271 
156 123 154 154 123 
157 316 303 39 25 314 141 24 331 314 231 81 338 108 303 241 81 131 21 321 290 141 112 241 39 324 24 25 66 324 167 247 131 108 4 247 331 4 316 59 112 66 21 321 290 167 231 59 338 
158 183 138 344 271 283 280 171 126 280 276 107 276 319 344 319 183 20 271 107 20 171 283 196 138 126 196 
159 259 259 
160 141 307 61 338 276 202 324 55 117 251 86 20 303 55 321 338 86 141 61 25 257 8 270 276 25 212 198 121 321 38 257 117 313 313 121 303 38 66 212 8 251 202 66 307 198 20 270 324 
161 148 148 342 325 325 19 19 311 311 115 332 332 115 342 
162 172 172 149 99 118 118 248 99 248 149 
163 284 87 87 284 
164 120 71 71 187 120 333 341 112 168 20 199 38 333 199 112 341 38 168 187 20 
165 201 197 197 201 172 172 
166 136 92 92 242 31 31 309 136 336 242 336 309 
167 338 303 30 346 128 30 346 6 21 290 303 6 21 128 157 290 276 276 338 157 
168 270 81 135 184 235 20 39 24 256 9 247 55 55 333 102 105 317 25 235 314 20 238 124 290 333 103 121 135 103 184 39 331 164 276 4 141 8 124 108 127 331 112 120 121 66 256 120 238 251 317 8 290 279 270 66 127 279 24 141 314 25 321 247 81 276 321 102 4 108 164 9 105 112 251 
169 2 175 55 222 273 141 118 289 303 284 199 20 249 187 314 123 2 175 127 54 303 341 267 202 289 185 259 276 270 81 312 141 270 127 199 61 8 284 331 81 184 121 123 341 84 321 25 97 314 74 66 25 321 20 238 24 322 340 312 202 66 55 333 210 222 267 187 333 185 276 210 54 84 273 340 8 97 184 74 24 322 249 331 259 238 118 61 121 251 251 
170 118 106 149 63 149 118 188 216 63 106 57 216 188 57 
171 238 341 307 231 140 97 312 330 276 140 303 238 237 12 158 251 270 210 222 97 198 324 28 211 270 341 117 117 260 198 112 230 71 81 102 81 264 12 211 307 102 328 25 331 15 127 303 202 331 251 28 71 112 55 324 39 330 297 158 25 231 127 58 276 222 237 264 297 39 15 58 267 328 55 260 202 210 230 267 312 
172 162 162 79 79 33 165 165 201 201 33 
173 292 111 18 18 292 111 
174 45 277 262 18 45 142 320 98 22 67 176 276 85 18 276 295 320 224 277 224 98 67 101 22 142 85 176 226 226 101 295 262 
175 8 169 84 127 289 289 24 8 238 127 118 169 25 25 24 270 147 270 238 121 84 187 147 118 121 187 
176 45 142 67 226 277 174 130 224 226 224 98 130 98 277 174 85 45 142 85 67 
177 37 230 185 212 87 29 344 205 321 302 230 321 328 205 37 302 212 185 271 344 271 328 87 29 
178 89 144 89 144 
179 248 91 79 23 193 4 47 186 241 298 93 23 241 47 193 195 52 265 203 253 4 93 100 345 195 100 52 345 91 186 265 248 301 298 79 301 203 253 
180 194 151 217 274 194 274 272 327 77 77 272 327 305 3 151 3 217 305 
181 96 252 252 96 
182 132 132 
183 158 283 345 328 20 134 138 328 319 20 345 280 107 35 56 35 308 134 158 56 319 126 138 271 283 126 308 196 196 250 280 271 250 107 
184 270 168 55 296 343 289 54 314 118 273 102 321 118 21 271 279 284 270 24 343 168 296 169 314 66 199 55 25 284 8 66 289 102 24 321 21 78 8 199 147 187 279 187 169 78 147 271 273 54 25 
185 235 87 212 340 271 340 24 108 54 198 222 108 177 344 8 276 324 66 58 122 58 202 44 103 61 202 284 66 199 169 20 235 127 198 220 251 238 321 344 187 322 103 141 212 221 276 284 55 321 25 122 97 251 330 54 302 121 44 324 127 8 55 97 141 177 302 199 169 322 271 112 112 221 20 220 222 270 121 25 330 270 238 187 87 61 24 
186 79 23 23 253 301 248 100 91 298 179 100 91 4 345 253 93 93 301 79 265 193 193 248 179 4 241 298 241 345 265 
187 132 118 270 284 273 199 12 103 303 314 279 169 322 24 66 84 164 2 207 55 290 66 296 290 238 29 25 118 341 155 257 340 8 103 185 276 78 333 276 25 24 20 20 74 55 289 121 132 289 74 251 321 273 341 141 223 2 222 29 112 238 296 270 175 169 271 303 271 223 257 112 321 199 340 314 184 333 78 184 121 279 251 222 155 84 185 164 322 141 12 8 207 284 175 
188 216 99 63 149 149 63 118 170 99 170 216 118 
189 95 22 22 95 228 228 
190 52 129 129 52 
191 48 48 204 114 51 51 204 114 
192 90 258 258 60 90 7 7 60 
193 253 241 241 298 195 91 345 79 0 79 265 301 345 23 100 179 203 248 248 100 253 91 179 195 265 93 23 186 52 203 0 186 298 301 52 93 
194 180 305 3 274 180 3 274 217 217 327 272 77 77 272 305 327 
195 248 203 66 193 52 265 345 329 265 66 284 91 345 193 179 91 52 329 203 253 248 179 284 253 
196 107 138 126 134 250 35 319 271 283 328 35 107 283 250 280 20 138 20 308 328 308 280 271 158 183 183 134 158 319 126 
197 165 165 
198 210 303 221 39 264 117 211 260 264 118 185 313 97 25 202 312 314 237 199 140 324 238 171 55 118 127 8 222 221 112 55 133 24 290 323 185 8 39 117 251 270 81 171 160 211 324 61 81 24 237 321 66 238 290 231 251 341 313 297 303 323 230 321 71 287 222 61 47 97 47 202 231 287 314 160 66 260 210 127 140 341 133 12 230 270 12 71 112 199 25 297 312 
199 97 122 108 276 108 54 61 284 187 121 39 2 38 29 169 231 223 322 2 74 202 71 251 74 117 66 198 103 44 30 54 275 29 185 296 66 324 247 8 112 275 331 169 121 24 270 284 25 279 222 303 122 55 296 164 25 24 112 55 30 223 184 324 238 164 102 103 323 303 238 78 276 117 333 231 273 247 141 38 202 323 235 9 102 20 321 322 118 187 20 235 184 185 8 321 9 118 331 39 279 222 270 78 71 273 61 251 333 97 198 44 141 
200 258 7 90 90 7 258 
201 165 165 328 328 172 172 
202 331 8 269 24 222 312 270 264 271 20 58 160 312 321 54 64 97 210 296 66 81 198 199 25 66 210 238 330 8 55 185 337 303 20 237 314 47 169 331 185 267 296 307 55 330 324 260 284 117 121 341 103 108 49 133 333 264 271 333 260 49 112 28 58 237 238 108 340 314 118 341 103 267 25 171 141 169 222 39 28 307 133 112 321 199 127 118 303 47 323 198 160 54 24 276 121 64 323 324 276 127 270 81 39 97 284 171 340 141 337 117 269 
203 212 195 4 93 345 129 91 241 52 4 193 129 248 52 265 56 329 328 91 241 100 79 253 345 253 265 93 179 301 100 276 195 212 329 301 193 328 248 79 56 276 179 
204 191 191 
205 120 177 177 259 259 120 
206 321 55 321 55 
207 284 187 118 331 290 276 290 276 284 331 118 187 
208 
209 
210 198 324 238 97 81 202 330 117 171 202 55 271 127 12 341 271 324 221 55 237 260 102 341 284 28 330 314 117 270 237 260 238 284 222 303 58 312 58 267 303 127 169 102 312 270 81 169 264 97 28 198 264 12 222 267 314 171 221 
211 66 20 198 303 343 231 238 238 66 303 171 55 294 231 343 39 251 198 171 294 55 39 71 25 251 71 103 103 270 270 297 20 297 25 
212 203 185 56 248 56 6 339 284 39 314 290 86 177 245 344 271 323 95 86 52 223 52 95 314 127 66 127 121 276 160 39 185 271 307 323 29 245 4 331 276 235 29 135 230 321 79 129 238 203 248 223 284 160 241 321 135 339 79 129 177 55 302 241 238 6 344 230 4 66 235 290 121 307 55 331 302 
213 19 325 115 136 18 40 110 136 139 13 325 40 114 288 332 311 115 332 16 288 19 229 114 110 13 342 311 342 139 16 229 18 
214 
215 242 242 
216 63 323 188 118 118 99 63 170 323 170 149 149 99 188 
217 77 274 327 180 77 272 327 274 194 272 3 194 3 305 305 180 
218 318 153 318 146 5 88 146 5 88 153 
219 261 114 311 114 311 261 
220 44 55 302 284 321 185 302 284 55 24 44 185 321 24 
221 198 237 312 324 117 210 198 55 185 312 55 237 324 81 239 239 81 117 185 210 
222 169 238 202 97 185 260 20 171 270 12 198 264 341 61 199 324 97 314 314 245 245 238 251 210 260 66 66 187 12 202 270 264 127 55 20 251 198 169 25 312 171 341 312 25 324 127 185 199 210 55 187 61 
223 260 83 140 140 231 290 199 121 290 303 83 331 95 66 212 8 275 231 235 39 147 121 321 24 199 8 132 270 25 187 24 260 29 235 270 212 95 132 331 29 275 314 61 187 303 323 61 25 39 314 323 147 66 321 
224 85 226 277 67 176 85 142 98 176 226 174 174 277 142 130 98 67 130 
225 143 342 148 114 13 1 27 1 19 311 40 13 115 27 325 325 40 19 143 332 148 115 114 342 332 311 
226 22 224 176 142 67 130 22 85 67 101 295 142 176 224 262 277 98 295 101 98 18 18 174 277 85 262 174 130 
227 2 282 2 282 
228 147 333 108 108 118 189 147 333 189 118 
229 69 22 40 96 306 306 70 70 252 213 22 96 40 252 69 213 
230 116 81 314 116 177 231 8 279 24 39 231 28 105 55 177 331 171 39 105 331 212 28 314 198 81 290 279 76 290 328 238 212 76 55 328 238 198 171 8 24 
231 284 171 270 199 223 24 55 211 39 297 39 25 230 157 238 71 230 20 211 223 8 275 132 290 321 279 198 275 284 25 199 24 238 55 71 171 198 279 321 20 132 297 8 121 121 290 270 157 
232 255 255 
233 238 238 
234 4 20 20 121 121 4 155 155 
235 185 83 61 141 251 168 279 256 296 302 104 275 61 271 87 270 12 68 132 279 168 29 185 120 256 12 270 104 302 20 271 25 303 121 223 313 275 121 314 120 212 66 20 317 321 314 223 140 313 140 251 66 87 24 0 199 141 296 25 247 24 0 132 68 321 199 303 212 317 247 83 29 
236 30 30 50 50 83 83 22 24 22 24 82 82 
237 264 238 238 341 221 55 81 171 12 198 55 202 264 210 323 58 202 210 198 221 133 260 105 260 12 341 323 81 324 97 270 270 171 133 105 312 324 251 117 251 312 97 117 58 
238 171 343 61 237 237 140 222 251 210 20 55 275 117 171 294 211 211 233 322 175 324 202 312 231 58 321 20 198 121 25 187 312 118 54 108 61 264 324 66 168 294 54 185 260 279 233 59 12 24 303 260 270 122 65 59 112 222 202 39 55 210 276 337 140 199 12 66 198 343 118 175 321 199 25 65 169 271 168 24 212 112 187 322 58 279 122 275 337 271 276 231 71 270 108 103 117 303 212 230 302 71 284 302 284 230 103 97 251 185 39 141 169 121 264 97 141 
239 22 22 221 221 
240 48 48 
241 56 193 91 193 329 265 248 52 265 203 179 157 79 321 179 203 100 157 23 253 131 298 301 321 298 345 93 248 56 212 87 23 329 345 93 79 253 212 301 186 100 186 87 91 131 52 
242 311 311 40 40 215 166 336 166 309 309 136 215 336 136 
243 281 281 
244 7 22 7 90 258 90 22 258 
245 6 284 212 338 314 321 307 86 222 222 314 338 212 321 307 339 135 303 339 6 135 86 303 284 24 24 
246 119 28 28 119 
247 331 276 251 121 322 37 331 168 25 52 66 251 20 199 118 37 310 127 121 66 290 20 157 127 199 264 52 276 157 235 290 310 168 264 133 322 235 118 25 133 
248 303 195 56 212 265 179 301 23 314 56 186 314 253 329 241 265 193 203 193 298 303 52 345 301 100 298 93 93 100 345 253 79 329 241 212 195 91 162 79 186 203 162 179 91 52 23 
249 58 251 169 58 321 251 321 169 
250 35 280 196 283 35 107 280 134 20 126 138 283 196 319 20 134 319 308 121 308 138 107 183 126 183 121 
251 331 333 290 270 8 25 247 337 235 238 71 55 108 133 249 112 118 160 324 28 199 12 171 64 279 337 24 28 102 247 58 324 122 321 108 66 81 133 264 24 185 127 314 198 296 12 121 290 331 312 211 321 323 78 25 97 276 307 65 127 121 271 71 30 78 284 222 55 58 117 187 102 303 185 103 344 118 198 97 141 66 270 168 171 344 30 249 8 20 211 260 323 279 54 276 112 235 65 54 222 141 296 20 341 81 64 160 303 314 333 260 237 307 237 312 103 271 284 187 122 238 341 199 117 264 169 168 169 
252 181 181 229 229 
253 193 301 301 186 100 52 248 329 93 193 203 265 298 186 345 52 241 203 248 298 179 100 195 91 93 345 241 195 91 329 265 179 
254 48 48 
255 232 232 
256 257 25 168 343 235 140 314 279 24 343 303 271 104 235 129 321 294 314 38 168 39 279 25 39 257 24 271 129 321 140 294 303 38 104 
257 256 8 140 8 290 160 187 322 160 271 294 97 39 84 256 155 84 271 322 187 74 140 74 294 155 97 290 39 
258 7 200 109 109 7 90 192 244 192 263 244 90 263 200 
259 159 52 125 169 125 321 159 338 52 205 205 321 338 169 
260 223 62 15 270 324 112 198 267 117 64 12 112 222 15 64 97 317 122 312 58 296 312 202 238 171 313 121 210 121 341 117 344 97 81 238 202 66 270 210 54 222 81 284 237 344 237 223 61 296 147 12 251 264 118 284 58 313 341 61 264 324 55 122 251 198 317 62 66 267 54 147 171 118 55 
261 219 311 114 114 311 219 
262 174 98 67 101 226 101 295 295 98 226 174 67 
263 109 90 7 7 258 90 109 258 
264 237 312 198 39 310 97 55 202 198 127 25 127 310 297 324 66 330 238 222 324 251 237 297 202 66 97 341 171 341 270 39 83 83 330 12 222 260 247 55 117 171 260 210 247 12 210 117 270 238 251 25 312 
265 301 248 79 329 301 193 52 23 195 241 241 79 195 248 100 203 52 100 329 253 179 203 193 93 186 91 23 91 179 345 345 93 253 186 
266 22 22 
267 260 117 58 169 202 117 324 324 81 202 58 270 210 169 270 171 260 81 210 171 
268 57 328 57 118 99 80 118 80 328 99 
269 75 202 75 24 202 24 
270 303 168 81 251 187 184 276 97 260 29 231 202 284 132 78 58 20 102 171 331 141 118 24 112 222 127 84 275 321 132 235 39 276 275 25 140 171 330 141 271 330 169 66 118 169 160 235 199 184 198 20 175 297 39 312 284 303 238 260 210 296 58 29 127 175 271 324 264 108 121 8 331 223 314 24 112 341 12 12 117 279 314 25 251 140 322 267 313 289 78 223 147 168 290 102 222 47 317 187 322 47 103 341 81 108 238 237 237 210 211 267 211 296 279 121 317 71 312 160 324 202 185 84 289 199 97 147 66 117 297 290 198 8 185 55 103 71 264 62 231 62 313 55 321 
271 279 185 158 202 345 20 104 328 107 303 55 290 210 66 8 196 210 235 284 296 345 212 256 184 270 97 276 303 71 147 235 20 319 212 202 24 121 39 280 126 276 251 270 280 74 147 155 107 257 24 74 97 39 238 158 126 121 296 319 238 71 78 257 284 187 8 183 187 279 328 290 177 196 140 78 256 177 140 185 104 84 251 55 66 183 184 84 155 
272 274 77 327 77 217 180 217 194 3 274 305 180 305 194 327 3 
273 169 20 187 121 340 95 184 20 74 340 39 39 121 95 322 84 187 74 2 199 2 84 169 322 199 184 
274 272 217 327 194 77 180 305 217 151 194 180 3 3 272 151 327 305 77 
275 25 24 24 238 121 8 61 97 8 235 270 270 199 321 199 223 25 55 231 140 132 235 231 83 61 238 55 223 140 97 321 83 121 132 
276 25 307 30 270 199 247 38 12 104 160 171 307 323 49 56 185 104 174 141 56 331 324 20 54 21 119 270 54 284 333 169 271 97 119 55 174 158 24 160 341 66 187 212 25 168 290 333 338 187 117 338 158 185 207 293 131 251 66 112 21 271 284 39 279 8 24 324 49 238 310 303 293 118 212 303 203 9 199 314 131 310 321 118 121 108 207 251 323 322 238 141 9 314 279 112 8 289 247 171 341 289 108 290 103 30 331 322 167 117 202 321 169 121 103 129 168 12 55 39 20 133 202 167 38 129 203 97 133 
277 174 176 85 85 142 224 45 98 130 174 226 130 45 224 98 176 142 226 
278 110 110 
279 271 0 290 2 235 140 97 187 120 331 230 303 289 256 39 251 97 296 235 8 121 118 66 184 104 314 121 24 152 314 141 238 199 290 66 0 25 140 303 24 289 20 276 321 231 328 270 120 132 322 256 20 116 168 238 251 30 104 141 25 168 276 321 2 230 152 8 271 118 116 328 30 231 132 270 184 38 39 331 199 187 38 322 296 
280 134 138 158 250 107 283 158 183 126 107 250 308 283 20 319 20 271 196 271 35 126 35 196 319 138 183 308 121 134 121 
281 243 243 
282 2 117 24 227 2 227 24 117 
283 107 183 107 158 20 121 250 126 35 280 196 280 196 250 35 134 134 328 319 138 138 158 183 121 319 308 308 328 20 126 
284 121 102 231 145 245 187 135 199 270 59 212 97 169 322 207 118 314 312 344 102 271 141 220 185 163 116 276 322 302 302 202 184 199 195 210 220 303 169 8 270 185 312 108 116 145 276 59 314 24 118 121 251 210 55 341 260 108 9 66 97 184 141 344 231 321 9 212 260 135 66 271 112 25 24 207 112 25 195 8 238 55 331 238 251 202 321 163 303 331 245 187 341 
285 80 80 
286 
287 314 24 314 198 24 198 
288 136 213 18 18 136 213 
289 24 169 24 321 184 175 322 175 55 66 279 169 55 321 279 341 341 187 187 322 270 184 276 276 270 66 
290 251 328 9 279 24 223 331 71 30 212 314 223 271 140 187 187 30 257 6 207 71 59 128 331 198 168 24 157 86 279 167 251 276 55 25 231 9 198 128 55 112 97 59 168 314 247 140 207 270 97 6 25 112 230 167 338 276 230 271 247 8 212 257 8 157 328 231 270 86 338 
291 
292 173 18 18 173 
293 276 276 76 76 
294 238 103 155 211 238 25 8 256 211 108 108 257 25 155 103 257 8 256 
295 98 101 101 98 174 226 262 262 226 67 174 67 
296 25 184 55 66 20 202 235 66 187 321 279 271 202 8 322 24 199 260 64 251 55 184 199 141 141 323 270 25 118 64 260 118 187 271 121 322 20 251 323 121 235 8 321 108 270 108 279 24 
297 231 39 264 55 25 264 270 55 71 198 171 171 25 211 231 211 71 270 39 198 
298 72 52 100 193 47 345 23 93 186 0 179 91 248 23 79 253 329 248 299 100 329 241 253 93 241 52 72 91 79 47 301 193 345 186 179 299 301 0 
299 93 129 79 129 345 319 345 93 298 79 319 298 
300 323 323 46 46 
301 23 265 253 56 253 93 248 265 193 186 23 329 100 314 314 248 345 52 241 203 186 345 203 329 298 52 91 93 193 241 56 47 91 179 100 179 298 47 
302 29 103 103 314 314 44 235 108 321 220 141 284 87 131 284 235 177 121 108 220 131 121 344 66 55 344 185 55 141 177 29 321 87 185 212 238 238 44 212 66 
303 270 198 29 167 248 324 157 211 321 20 323 307 171 169 187 160 211 8 271 279 223 202 169 108 256 157 68 333 135 97 333 140 25 324 74 271 74 248 133 121 55 66 284 235 238 39 199 117 270 340 66 279 25 55 112 112 331 167 8 323 65 121 276 251 210 276 6 133 199 108 39 171 346 83 198 346 160 140 68 83 210 321 12 245 307 202 187 251 223 331 238 30 65 6 29 135 20 235 117 314 340 256 314 284 245 97 30 12 
304 311 311 
305 327 194 3 274 77 77 272 272 217 327 217 274 194 180 3 180 
306 70 229 229 39 39 70 
307 276 160 30 141 171 303 276 25 30 20 245 202 337 20 6 321 322 337 86 25 135 328 21 212 135 251 171 333 245 141 66 86 333 202 328 303 21 66 6 160 251 322 321 212 65 65 
308 134 35 134 319 280 126 183 196 126 196 250 319 250 35 283 183 283 280 
309 31 16 27 110 16 136 110 150 92 166 40 92 31 336 150 242 242 40 136 166 336 13 13 27 
310 264 264 324 247 131 276 131 276 343 343 247 324 
311 27 27 136 242 242 148 325 18 110 114 261 110 13 43 225 115 304 219 19 43 16 114 136 1 139 342 13 213 19 161 161 304 150 139 16 325 219 18 150 342 40 40 1 213 115 148 261 143 225 143 
312 62 264 145 20 53 202 62 171 221 202 25 118 127 198 238 284 314 314 238 59 260 97 53 260 55 12 169 341 338 117 112 270 251 221 145 284 341 313 81 66 55 324 12 210 112 313 169 38 81 25 83 222 97 210 222 83 237 338 127 117 66 270 38 251 324 237 20 118 59 171 264 198 
313 64 198 64 341 49 81 260 81 341 49 95 235 312 160 108 160 198 312 270 235 95 260 108 270 
314 287 344 0 230 302 302 79 284 157 212 187 184 248 169 256 157 198 290 86 132 248 312 312 93 245 202 321 322 97 127 25 120 168 279 4 301 39 279 323 25 251 131 328 212 301 55 222 222 104 97 256 210 131 184 245 135 284 202 8 321 287 235 169 270 338 270 323 276 230 66 235 8 344 328 290 52 141 66 276 86 121 338 132 223 322 4 168 121 251 20 120 52 93 198 79 20 127 187 39 135 6 6 303 223 55 141 303 210 0 104 
315 4 4 
316 157 131 52 39 100 145 100 52 131 157 145 39 
317 103 118 260 168 122 122 61 235 168 61 270 333 103 81 333 260 270 81 235 118 
318 88 94 218 88 146 146 5 218 5 18 18 94 326 326 
319 47 47 79 138 35 345 126 183 308 196 93 107 299 107 271 158 280 134 158 328 250 35 183 126 283 93 134 56 328 250 138 271 345 308 280 299 283 56 196 79 
320 174 174 142 142 
321 52 206 121 8 24 303 103 289 141 47 202 44 135 52 55 127 59 0 129 160 125 84 238 322 340 184 127 117 84 302 296 245 270 314 29 108 251 220 61 87 307 20 8 275 157 87 177 185 256 74 6 241 328 103 249 338 55 66 251 289 29 129 328 160 344 169 177 322 223 86 108 135 25 185 314 259 245 198 187 279 231 61 241 169 238 141 20 212 235 276 37 125 86 284 59 117 206 198 303 39 340 341 184 74 338 302 132 212 279 202 37 121 199 341 39 344 259 296 187 235 276 47 168 231 0 6 132 275 199 44 25 168 256 24 157 220 307 249 284 66 223 270 
322 118 121 24 141 84 8 247 140 61 95 284 289 118 199 121 238 187 84 102 321 99 141 66 2 296 61 314 340 284 307 185 74 331 257 321 55 273 289 20 279 102 270 169 8 238 331 276 296 270 257 314 199 9 95 20 276 74 140 108 55 185 24 340 273 108 307 247 2 99 66 169 9 279 25 187 25 
323 328 303 216 330 300 276 117 108 108 135 21 331 331 300 149 118 212 198 117 314 251 237 330 296 212 303 199 339 66 216 314 198 328 251 21 276 237 199 149 296 202 26 223 339 202 135 26 223 118 66 
324 117 108 260 303 103 210 20 160 97 251 221 238 12 185 264 97 198 276 171 251 58 25 238 210 199 264 66 58 310 202 118 303 103 112 267 222 267 121 39 198 157 276 270 121 55 118 81 199 157 341 24 312 221 66 185 112 55 171 20 237 24 260 39 222 237 341 81 25 202 310 270 312 117 160 108 12 
325 16 16 148 143 342 311 139 213 148 161 27 115 161 27 114 225 213 225 19 342 40 311 136 13 1 110 1 114 143 136 110 139 13 115 40 19 
326 94 88 88 94 318 318 
327 272 305 274 217 3 217 77 180 194 3 180 305 274 77 272 194 
328 129 323 290 331 183 268 118 271 183 149 331 149 196 53 105 29 39 203 314 321 15 26 307 129 321 201 8 319 171 177 283 279 8 196 201 53 319 314 15 105 323 29 307 71 203 268 271 230 279 26 230 171 118 283 39 71 290 177 
329 79 93 265 241 248 195 301 253 52 203 47 100 265 91 298 52 298 195 248 203 47 91 241 345 301 345 253 100 93 79 
330 171 108 97 323 55 81 97 210 72 117 202 331 108 117 264 270 270 202 15 210 49 29 118 323 29 185 118 24 264 171 55 331 49 15 72 185 81 24 
331 251 202 247 12 103 97 39 37 24 328 118 247 66 290 279 157 55 270 330 20 276 202 323 323 328 52 223 66 207 290 199 76 15 168 251 169 121 118 230 322 108 9 303 168 25 121 270 230 212 171 55 141 47 171 25 47 322 76 223 105 39 330 108 141 207 276 52 157 303 105 103 20 284 37 199 279 12 169 15 212 284 9 24 97 
332 19 1 1 148 342 213 225 213 342 225 148 19 161 161 
333 251 25 112 122 168 20 338 131 25 39 55 8 164 276 303 303 338 8 168 141 187 202 276 202 228 20 307 49 164 127 66 39 131 307 199 169 141 133 169 228 127 55 317 122 317 251 187 133 66 112 49 65 199 65 
334 
335 24 24 87 87 
336 110 110 40 309 31 166 92 92 242 40 31 136 166 242 136 309 
337 251 28 202 251 30 30 307 307 28 238 238 202 
338 118 167 37 135 339 160 135 102 30 21 339 333 160 245 128 86 157 147 333 30 312 21 147 321 276 276 145 245 151 86 314 128 259 321 6 64 314 290 145 37 312 151 6 64 346 102 118 167 259 346 157 290 
339 338 212 6 338 323 245 6 212 245 323 
340 185 185 273 8 321 322 55 273 187 303 202 61 169 61 321 187 322 169 55 8 303 202 
341 171 58 66 118 237 58 122 313 20 112 12 55 97 169 210 62 171 20 187 117 222 312 117 55 8 202 164 210 260 313 276 12 121 169 264 289 312 264 289 202 112 284 324 270 187 164 198 321 237 118 270 260 97 276 251 321 222 121 324 66 8 198 251 62 122 284 
342 114 148 110 1 225 325 161 143 43 43 332 110 114 18 115 40 311 148 18 115 332 325 225 40 311 213 13 1 213 19 13 161 19 143 
343 238 184 211 256 103 256 184 211 66 66 121 238 310 103 310 121 
344 121 314 158 66 141 185 284 212 66 177 185 260 302 158 20 321 302 251 260 284 251 314 121 44 141 321 177 212 20 44 
345 23 52 0 91 271 183 193 93 203 298 319 193 183 195 100 126 271 299 299 186 129 52 195 203 91 248 253 301 23 79 100 248 56 301 241 79 56 0 129 319 179 329 241 329 253 179 298 93 265 265 186 126 
346 167 128 167 6 303 303 6 21 338 21 128 338 