2417
31
34
38
54
62
80
82
89
93
95
103
135
152
162
167
180
188
190
212
228
248
273
280
301
303
304
323
340
350
357
359
366
371
375
384
390
404
434
470
482
494
496
510
516
519
566
581
590
605
607
619
625
628
638
644
649
679
684
689
701
711
733
737
772
780
781
787
803
805
814
827
838
839
842
853
854
868
873
890
894
897
898
900
902
904
908
912
924
929
931
939
944
950
960
975
982
983
992
1000
1006
1008
1019
1022
1023
1044
1048
1061
1069
1078
1108
1111
1130
1133
1134
1139
1148
1151
1153
1155
1170
1178
1181
1188
1206
1218
1224
1228
1236
1240
1250
1252
1267
1269
1280
1282
1288
1301
1305
1312
1314
1330
1339
1345
1349
1357
1359
1362
1389
1405
1406
1427
1431
1434
1447
1450
1458
1464
1469
1486
1510
1512
1514
1517
1524
1536
1538
1541
1544
1553
1569
1570
1572
1573
1576
1580
1583
1597
1607
1615
1623
1643
1659
1666
1674
1682
1698
1705
1735
1736
1740
1744
1754
1765
1770
1771
1777
1783
1787
1792
1812
1814
1815
1820
1822
1825
1830
1837
1845
1861
1864
1866
1882
1883
1884
1895
1904
1911
1916
1918
1926
1928
1929
1932
1933
1943
1945
1947
1950
1953
1956
1980
1982
1986
1987
1989
2003
2008
2009
2019
2032
2049
2051
2056
2068
2070
2078
2086
2098
2099
2104
2108
2113
2118
2128
2129
2130
2133
2136
2162
2165
2174
2176
2181
2190
2197
2205
2215
2222
2237
2239
2249
2250
2253
2258
2261
2271
2273
2277
2292
2296
2297
2305
2310
2317
2327
2335
2337
2348
2359
2437
2444
2449
2454
2459
2467
2476
2488
2490
2499
2512
2522
2533
2541
2560
2561
2566
2571
2578
2590
2596
6
8
9
10
11
14
15
16
18
19
20
25
26
28
29
32
37
44
46
47
49
50
52
56
59
60
61
64
66
76
78
81
87
90
92
101
107
108
109
113
114
117
118
123
124
125
126
128
129
132
136
137
139
140
146
147
148
149
150
151
154
155
157
159
161
163
165
166
168
174
179
183
185
187
189
192
193
194
195
196
197
198
199
200
201
204
205
206
207
208
213
215
216
220
225
230
231
232
233
235
236
237
243
244
249
250
251
255
256
257
258
259
262
264
265
267
268
269
270
271
272
274
278
279
281
282
285
287
292
293
294
295
297
299
300
316
317
320
321
324
325
326
327
328
332
334
335
337
338
339
344
349
352
353
360
362
363
364
367
373
374
380
387
388
391
392
398
402
405
406
410
411
413
417
418
421
423
424
427
440
441
446
451
456
457
461
462
463
468
469
476
477
489
502
503
506
520
521
523
524
526
534
535
536
537
538
539
540
544
545
548
549
551
553
555
558
559
561
564
569
570
573
576
582
584
586
588
591
593
594
598
599
600
603
609
613
616
621
622
623
632
634
640
647
651
659
660
663
666
667
669
678
681
682
688
690
692
703
705
706
710
715
716
723
725
728
730
732
734
735
741
747
748
755
756
757
759
761
763
766
768
777
782
784
789
792
794
809
812
813
815
816
819
824
831
833
835
840
844
845
848
850
859
861
863
864
865
866
875
878
879
882
883
886
891
905
910
911
913
928
932
956
959
961
962
978
980
984
986
990
991
993
994
1004
1007
1014
1015
1016
1020
1021
1024
1026
1027
1028
1031
1033
1045
1056
1060
1062
1067
1068
1070
1073
1080
1082
1084
1086
1088
1089
1093
1094
1096
1097
1098
1100
1105
1112
1114
1122
1123
1127
1131
1136
1141
1142
1143
1144
1147
1150
1152
1154
1156
1160
1163
1165
1166
1168
1173
1175
1177
1182
1185
1186
1192
1196
1197
1202
1203
1204
1205
1208
1215
1217
1219
1223
1225
1227
1229
1232
1233
1235
1238
1243
1247
1248
1253
1254
1255
1260
1264
1270
1271
1277
1278
1283
1287
1292
1293
1296
1300
1306
1309
1310
1311
1317
1319
1331
1336
1341
1348
1354
1355
1367
1368
1370
1373
1376
1378
1379
1381
1384
1385
1388
1393
1398
1399
1409
1411
1414
1415
1417
1418
1420
1426
1429
1430
1455
1457
1470
1474
1475
1476
1482
1488
1492
1495
1498
1499
1504
1507
1519
1525
1529
1531
1532
1534
1535
1539
1542
1550
1558
1561
1566
1579
1581
1584
1595
1596
1601
1609
1611
1614
1617
1619
1622
1626
1627
1629
1630
1633
1640
1641
1655
1661
1677
1687
1688
1694
1695
1696
1699
1703
1704
1709
1710
1712
1713
1714
1715
1716
1717
1723
1724
1727
1729
1730
1731
1733
1737
1741
1742
1743
1745
1747
1752
1753
1755
1759
1760
1761
1762
1764
1778
1780
1781
1784
1785
1786
1788
1789
1790
1794
1796
1801
1805
1806
1807
1808
1816
1818
1819
1821
1824
1826
1828
1831
1833
1835
1836
1839
1842
1844
1846
1849
1850
1852
1854
1869
1872
1873
1876
1878
1879
1885
1886
1888
1889
1898
1900
1903
1908
1914
1915
1924
1925
1927
1931
1935
1937
1939
1940
1944
1949
1955
1957
1958
1961
1962
1963
1964
1966
1967
1968
1969
1971
1973
1975
1983
1988
1992
1993
1998
1999
2000
2004
2010
2011
2012
2014
2024
2034
2035
2036
2044
2045
2047
2050
2054
2060
2062
2063
2064
2065
2071
2074
2079
2087
2090
2091
2092
2094
2096
2101
2103
2109
2112
2114
2117
2122
2123
2124
2125
2144
2161
2168
2169
2170
2171
2172
2175
2178
2179
2184
2185
2186
2187
2189
2191
2192
2194
2195
2213
2216
2221
2226
2231
2234
2235
2236
2240
2243
2244
2246
2255
2260
2263
2264
2267
2268
2276
2281
2282
2283
2285
2286
2287
2289
2290
2295
2301
2319
2320
2323
2329
2333
2334
2338
2339
2340
2342
2344
2346
2351
2353
2355
2356
2362
2366
2369
2371
2373
2374
2400
2404
2405
2408
2409
2410
2412
2413
2414
2415
2416
2421
2423
2426
2432
2436
2439
2479
2486
2489
2491
2492
2497
2498
2506
2509
2523
2524
2526
2531
2535
2536
2538
2543
2547
2549
2550
2555
2575
2585
2588
2594
2602
2604
2609
2612
2613
2614
2615
2616
2618
2619
2620
2
12
21
22
23
27
30
35
36
39
40
41
42
43
48
51
53
55
57
65
67
68
69
70
71
73
74
75
77
79
83
84
85
88
91
94
97
98
99
100
102
104
106
112
116
119
120
121
122
127
130
131
133
134
138
141
142
143
144
145
153
156
158
160
164
169
171
172
173
175
176
177
178
181
182
184
186
191
202
203
209
210
211
214
217
218
219
221
222
223
224
226
227
229
234
238
239
240
241
242
245
246
247
252
253
254
260
261
263
275
276
277
283
284
286
288
289
290
291
296
298
302
305
306
307
308
309
310
311
312
313
314
315
318
319
329
330
331
333
336
341
343
345
346
351
354
355
358
361
369
370
372
376
377
378
379
382
383
385
386
389
393
394
395
396
399
400
401
403
407
408
409
412
414
415
419
420
422
425
426
428
429
431
432
433
435
436
437
438
439
442
444
445
447
448
449
450
452
453
454
455
459
460
464
465
466
467
471
472
473
474
475
478
479
480
481
483
484
485
486
487
488
490
491
492
493
495
497
498
499
500
501
504
505
507
509
511
512
513
514
515
517
518
528
529
531
532
533
541
542
543
546
547
550
552
554
556
557
560
562
563
565
567
568
571
572
574
575
577
578
579
580
583
585
587
589
592
595
596
597
601
602
604
606
608
610
611
612
614
617
618
620
624
626
627
629
630
633
635
636
637
639
641
642
643
645
646
648
650
652
653
654
655
656
657
658
661
662
665
668
670
671
672
673
674
675
676
680
685
686
687
691
693
694
695
697
698
699
700
702
704
707
708
709
712
713
714
717
718
719
720
721
722
724
726
727
729
731
736
738
739
740
742
743
744
745
746
749
750
751
752
753
754
758
760
764
765
767
769
770
771
773
774
775
776
778
779
783
785
786
788
790
791
793
795
796
797
798
800
801
802
804
806
807
808
810
811
817
818
820
821
822
823
825
826
828
829
830
832
834
836
837
841
843
846
847
849
851
852
855
857
858
860
862
867
869
870
871
872
874
876
877
880
881
884
885
887
888
889
892
895
896
899
901
903
906
907
909
914
915
916
917
918
919
920
921
922
923
925
926
927
930
933
934
935
936
937
938
940
941
942
943
945
946
947
948
949
951
952
953
954
955
957
958
963
964
965
966
967
968
969
970
971
972
973
974
976
977
981
985
987
988
989
995
996
997
998
999
1001
1002
1003
1005
1009
1010
1011
1012
1013
1018
1025
1029
1030
1032
1034
1035
1036
1037
1038
1039
1040
1041
1042
1043
1046
1047
1049
1050
1051
1052
1053
1054
1055
1057
1059
1063
1064
1065
1066
1071
1072
1074
1075
1076
1077
1079
1081
1083
1085
1087
1090
1091
1092
1095
1099
1101
1102
1103
1104
1106
1107
1109
1110
1113
1115
1116
1117
1118
1119
1120
1121
1124
1125
1126
1128
1129
1132
1135
1137
1138
1140
1146
1149
1157
1158
1159
1161
1162
1164
1167
1169
1171
1172
1174
1176
1179
1180
1183
1184
1187
1189
1190
1191
1193
1194
1195
1198
1199
1200
1201
1207
1209
1210
1211
1212
1213
1214
1216
1220
1222
1226
1230
1231
1234
1237
1239
1241
1242
1244
1245
1246
1249
1251
1256
1257
1258
1259
1261
1262
1263
1265
1266
1268
1272
1273
1274
1275
1276
1279
1281
1284
1285
1286
1289
1290
1291
1294
1295
1297
1298
1299
1302
1303
1304
1307
1308
1313
1316
1318
1320
1321
1322
1323
1324
1325
1326
1327
1328
1329
1332
1333
1334
1335
1337
1338
1340
1342
1343
1344
1346
1347
1350
1351
1352
1353
1356
1358
1360
1363
1364
1365
1366
1369
1371
1372
1374
1375
1377
1380
1382
1383
1386
1387
1390
1391
1392
1394
1395
1396
1397
1400
1401
1402
1403
1404
1407
1408
1410
1412
1413
1416
1419
1422
1423
1424
1425
1428
1433
1436
1437
1438
1439
1440
1441
1442
1443
1444
1445
1446
1448
1449
1451
1452
1453
1454
1456
1459
1460
1461
1462
1463
1465
1466
1467
1468
1471
1472
1473
1477
1478
1479
1480
1481
1484
1485
1487
1489
1490
1491
1493
1494
1496
1497
1500
1501
1502
1503
1505
1506
1508
1509
1511
1513
1515
1516
1518
1520
1521
1522
1523
1526
1527
1528
1530
1533
1540
1543
1545
1546
1547
1548
1549
1551
1552
1554
1555
1556
1557
1559
1560
1562
1563
1564
1565
1567
1568
1571
1574
1575
1577
1578
1582
1585
1586
1587
1588
1589
1590
1591
1592
1593
1594
1598
1599
1600
1602
1603
1604
1605
1606
1608
1610
1612
1613
1616
1618
1620
1621
1624
1625
1628
1631
1632
1634
1635
1636
1637
1638
1639
1642
1644
1645
1646
1647
1648
1649
1650
1651
1652
1653
1654
1656
1657
1658
1660
1662
1663
1664
1665
1667
1668
1669
1670
1671
1672
1673
1675
1676
1678
1679
1680
1681
1683
1684
1685
1686
1689
1690
1691
1692
1693
1697
1700
1701
1702
1706
1707
1708
1711
1718
1719
1720
1721
1722
1725
1726
1728
1732
1738
1739
1746
1748
1749
1750
1751
1756
1757
1758
1763
1766
1767
1768
1769
1772
1773
1774
1775
1776
1779
1782
1791
1793
1795
1797
1798
1799
1800
1802
1804
1809
1810
1811
1813
1817
1823
1827
1829
1832
1834
1838
1841
1843
1847
1848
1851
1853
1855
1856
1857
1858
1859
1860
1862
1863
1865
1867
1868
1870
1871
1874
1875
1877
1880
1881
1887
1890
1891
1892
1893
1894
1896
1897
1899
1901
1902
1905
1906
1907
1909
1910
1912
1913
1917
1919
1920
1921
1922
1923
1930
1934
1936
1938
1941
1942
1946
1951
1954
1959
1960
1965
1970
1972
1974
1976
1977
1978
1979
1981
1984
1985
1990
1991
1994
1995
1996
1997
2001
2002
2005
2006
2007
2013
2015
2016
2017
2018
2020
2021
2022
2023
2025
2026
2027
2028
2029
2030
2031
2033
2037
2038
2039
2040
2041
2042
2043
2046
2048
2052
2053
2057
2058
2059
2061
2067
2069
2072
2073
2075
2076
2077
2080
2081
2082
2083
2084
2085
2088
2089
2093
2095
2097
2100
2102
2105
2106
2107
2110
2111
2115
2116
2119
2120
2126
2127
2131
2132
2134
2135
2137
2138
2139
2140
2141
2142
2143
2145
2146
2147
2148
2149
2150
2151
2152
2153
2154
2155
2156
2157
2158
2159
2160
2163
2164
2166
2167
2173
2177
2182
2183
2188
2193
2196
2198
2199
2200
2201
2202
2203
2204
2206
2207
2208
2209
2210
2211
2212
2214
2217
2218
2219
2220
2223
2224
2225
2227
2228
2229
2230
2232
2238
2241
2242
2245
2247
2248
2251
2252
2254
2256
2257
2259
2262
2265
2266
2269
2270
2274
2275
2278
2279
2280
2284
2288
2291
2293
2294
2298
2299
2300
2302
2303
2304
2306
2307
2308
2309
2311
2312
2313
2314
2315
2316
2318
2321
2324
2325
2326
2328
2330
2331
2332
2336
2341
2343
2345
2347
2349
2350
2352
2354
2357
2358
2360
2361
2363
2364
2367
2368
2370
2372
2375
2377
2378
2379
2380
2381
2382
2383
2384
2385
2386
2387
2388
2389
2390
2391
2392
2393
2394
2395
2396
2397
2398
2399
2401
2402
2403
2407
2411
2418
2419
2420
2422
2424
2425
2427
2428
2429
2430
2431
2433
2434
2435
2438
2440
2441
2442
2443
2445
2446
2447
2448
2450
2451
2452
2453
2455
2456
2457
2458
2460
2461
2462
2463
2464
2465
2466
2468
2469
2470
2471
2472
2473
2474
2475
2477
2478
2480
2481
2482
2483
2484
2485
2487
2493
2494
2495
2496
2500
2501
2502
2503
2504
2505
2507
2508
2510
2511
2513
2514
2515
2516
2517
2518
2519
2520
2521
2525
2527
2528
2529
2530
2532
2534
2537
2539
2540
2542
2544
2545
2546
2548
2551
2552
2553
2554
2556
2557
2558
2559
2562
2563
2564
2565
2567
2568
2569
2570
2572
2573
2574
2576
2577
2579
2580
2581
2582
2583
2584
2586
2587
2589
2591
2592
2593
2595
2597
2598
2600
2601
2603
2605
2606
2607
2608
2610
2617
2621
2622
2633
0
1
3
4
5
7
13
17
24
33
45
58
63
72
86
96
105
110
111
115
170
266
322
342
347
348
356
365
368
381
397
416
430
443
458
508
522
525
527
530
615
631
664
677
683
696
762
799
856
893
979
1017
1058
1145
1221
1315
1361
1421
1432
1435
1483
1537
1734
1803
1840
1948
1952
2055
2066
2121
2180
2233
2272
2322
2365
2376
2406
2599
2611
2623
2624
2625
2626
2627
2628
2629
2630
2631
2632
2634
2635
2636
2637
2638
2639
2640
2641