55
66
270
321
24
25
20
251
276
121
118
238
8
199
202
314
303
97
187
198
284
169
271
39
185
141
279
331
171
112
212
322
324
168
260
108
235
312
117
290
81
341
103
12
52
210
328
127
140
223
333
222
264
338
345
61
184
311
323
157
160
231
296
40
71
241
248
307
30
79
237
47
93
135
203
91
114
230
247
302
319
6
87
147
179
298
301
330
58
100
133
193
325
122
132
183
211
256
265
275
342
0
2
22
29
54
115
174
213
253
18
23
102
126
129
131
136
186
196
280
283
329
344
13
19
38
56
65
143
226
257
74
84
104
110
148
158
175
225
245
250
273
289
4
16
27
28
83
86
98
107
177
195
309
313
44
64
78
120
142
155
340
21
35
49
139
149
164
167
176
221
267
297
317
1
3
9
68
72
134
145
180
224
274
277
294
308
15
37
67
77
95
99
138
194
217
229
272
305
327
336
343
7
53
59
88
90
92
105
161
170
216
220
242
258
259
318
332
50
63
82
125
128
130
150
166
188
207
236
262
295
299
310
316
337
346
5
31
43
62
76
85
94
101
116
146
162
172
218
228
268
339
26
45
109
151
191
192
234
244
249
263
282
48
57
119
123
124
165
173
189
200
201
205
219
261
269
287
288
306
326
60
70
75
80
96
106
111
154
156
163
178
181
190
206
227
239
246
252
292
293
300
320
335
32
33
34
41
46
51
69
89
137
144
152
153
159
182
197
204
215
232
233
240
243
254
255
266
278
281
285
304
315
10
11
14
17
36
42
73
113
208
209
214
286
291
334