3
4
25
15
66
69
94
14
31
50
112
51
168
200
230
7
20
41
99
130
169
213
302
22
32
84
85
87
0
23
44
64
118
235
12
16
29
39
68
82
105
134
211
17
45
46
90
91
96
106
127
149
175
176
333
48
80
81
83
86
88
95
101
107
131
198
201
238
239
245
269
347
348
349
350
6
9
40
59
65
70
71
75
92
93
97
98
109
113
115
121
124
125
126
129
132
133
139
171
184
193
203
244
249
264
303
351
352
353
354
355
34
42
55
67
72
74
100
103
114
144
154
159
183
185
206
209
210
212
214
219
231
232
240
241
242
243
256
257
261
262
298
312
313
13
30
33
35
43
49
57
60
61
79
104
120
122
136
148
163
164
165
167
174
177
182
189
194
218
221
222
223
224
236
237
259
267
270
274
275
276
279
289
297
299
300
308
309
317
318
319
320
322
323
329
330
331
332
334
356
357
358
365
366
367
372
8
10
11
18
21
24
26
27
37
62
63
78
110
111
117
128
141
142
143
145
152
153
161
166
172
173
180
181
186
187
188
191
192
199
202
215
216
217
220
233
246
247
248
258
265
266
268
284
290
292
293
301
307
314
315
316
325
326
327
328
336
341
342
359
360
363
373
374
375
376
377
378
1
2
5
19
52
53
54
58
73
76
77
89
102
108
116
119
123
135
146
147
150
155
157
160
162
178
179
190
197
204
205
225
226
227
228
234
250
251
252
253
254
255
260
263
271
273
277
278
281
282
283
286
287
288
291
294
295
296
304
306
311
321
337
338
339
340
344
345
346
361
364
368
369
370
28
36
38
47
56
137
138
140
151
156
158
170
195
196
207
208
229
272
280
285
305
310
324
335
343
362
371