2552
4457
830
3467
4344
2381
2541
2574
2584
3894
1223
2433
2438
2616
2661
489
1004
1308
1333
2281
4331
4351
4372
4380
4383
4394
724
1029
1049
1090
1105
1165
1169
1325
1459
2532
2553
2585
2607
2716
2799
2850
2935
3127
3311
3354
3837
4345
4358
4360
4391
4401
97
596
845
853
1505
1529
1553
2220
2248
2320
2457
2537
2544
2547
2560
2594
2845
2882
2917
2958
3328
3350
4198
4335
4341
4390
4877
87
128
283
312
395
531
679
779
802
1025
1089
1097
1139
1355
1360
1418
1488
2234
2484
2492
2521
2529
2573
2595
2603
2606
2646
2739
2759
2797
2851
2879
2931
3004
3309
3342
3782
3795
3903
3978
4171
4186
4371
4373
4400
4519
68
93
139
152
153
183
204
273
315
401
412
538
547
638
657
680
725
1068
1071
1158
1312
1322
1352
1370
1415
1441
1460
1546
1583
1952
2326
2387
2408
2473
2488
2501
2518
2543
2549
2558
2561
2592
2605
2686
2696
2723
2780
2809
2812
2818
2836
2877
2907
2951
3016
3185
3306
3316
3351
3410
3430
3496
3721
3761
3780
3784
3796
3862
4028
4127
4150
4163
4192
4217
4223
4316
4332
4346
4356
4367
4412
4447
4484
4866
8
35
67
137
197
241
248
251
256
279
297
304
352
382
385
425
484
510
545
583
586
593
631
652
656
691
701
719
742
743
756
761
832
847
901
927
1005
1084
1086
1094
1099
1103
1116
1118
1172
1205
1242
1243
1256
1266
1271
1275
1297
1310
1402
1445
1450
1477
1483
1527
1684
1775
1929
1998
2221
2222
2261
2297
2331
2456
2458
2489
2499
2526
2527
2533
2542
2575
2610
2626
2644
2654
2670
2691
2798
2824
2837
2838
2839
2880
2913
2943
2985
3040
3196
3283
3298
3315
3330
3346
3409
3466
3774
3778
3791
3801
3917
3956
4040
4105
4110
4137
4153
4161
4180
4202
4208
4220
4334
4339
4343
4363
4364
4366
4370
4375
4382
4397
4403
4407
4445
4460
4475
4601
4650
4651
4726
12
13
34
40
46
55
115
122
138
206
245
250
259
278
281
284
294
298
301
354
361
390
391
392
394
404
415
429
430
483
503
519
520
550
563
569
581
603
608
613
623
667
739
747
749
757
770
771
836
851
854
858
877
894
928
947
950
951
952
996
1009
1020
1051
1059
1062
1077
1101
1104
1115
1146
1147
1150
1157
1164
1190
1218
1241
1267
1277
1288
1305
1307
1332
1341
1347
1359
1364
1377
1399
1421
1434
1438
1446
1458
1465
1466
1467
1471
1498
1511
1523
1530
1621
1622
1652
1686
1688
1785
1794
1896
1932
1944
2019
2150
2156
2237
2266
2362
2367
2382
2391
2396
2404
2413
2442
2443
2446
2449
2464
2474
2487
2504
2514
2520
2528
2548
2550
2576
2587
2600
2647
2656
2669
2673
2692
2693
2702
2721
2727
2735
2778
2779
2786
2795
2813
2814
2819
2841
2842
2856
2863
2873
2915
2966
2970
2976
2977
2996
3007
3116
3128
3155
3173
3275
3295
3307
3318
3319
3320
3332
3335
3336
3341
3349
3355
3357
3359
3485
3510
3563
3575
3674
3762
3783
3785
3797
3808
3833
3902
3915
3958
3965
3999
4033
4035
4037
4079
4083
4085
4089
4096
4109
4119
4120
4146
4151
4155
4156
4157
4165
4178
4195
4205
4209
4278
4326
4395
4415
4434
4468
4472
4490
4499
4533
4537
4563
4569
4573
4648
4654
4659
4685
4707
4727
4732
4750
4835
4847
4849
4875
4884
4892
0
25
57
75
79
107
110
118
123
142
156
162
169
173
186
198
209
239
260
305
307
310
318
333
334
335
336
339
341
349
350
351
359
377
383
407
419
424
434
480
481
492
495
500
521
522
542
543
549
554
560
568
574
588
609
611
636
651
654
666
671
684
688
712
721
741
758
762
782
788
790
792
794
799
803
810
814
826
828
842
848
863
873
874
882
884
936
938
939
940
942
943
948
949
955
964
968
970
972
991
992
1018
1021
1022
1023
1027
1030
1033
1045
1048
1058
1081
1085
1087
1092
1096
1106
1123
1130
1135
1142
1155
1161
1163
1166
1176
1194
1200
1209
1217
1229
1230
1234
1238
1251
1279
1283
1295
1298
1299
1306
1320
1328
1339
1344
1351
1358
1366
1372
1385
1405
1409
1414
1417
1435
1443
1454
1462
1470
1473
1487
1490
1491
1504
1515
1522
1540
1588
1599
1604
1608
1643
1648
1661
1708
1724
1733
1746
1759
1781
1792
1806
1841
1927
1949
1950
1953
1961
1992
2018
2030
2037
2095
2096
2097
2100
2106
2118
2136
2138
2144
2158
2191
2211
2218
2230
2241
2247
2267
2282
2284
2289
2311
2324
2327
2335
2354
2356
2363
2371
2386
2392
2406
2453
2454
2463
2483
2485
2494
2496
2497
2508
2530
2557
2562
2564
2578
2604
2611
2615
2620
2621
2628
2642
2643
2648
2690
2709
2710
2714
2736
2764
2765
2782
2791
2794
2800
2805
2888
2892
2916
2936
2937
2938
2941
2955
2975
2982
3000
3003
3008
3011
3070
3121
3172
3187
3265
3285
3293
3296
3308
3313
3314
3321
3327
3329
3343
3344
3352
3358
3370
3400
3425
3444
3455
3483
3484
3497
3511
3513
3544
3655
3660
3682
3725
3736
3756
3765
3770
3787
3792
3822
3828
3871
3953
3961
3968
3970
3984
3991
4008
4019
4029
4032
4046
4059
4072
4086
4091
4097
4098
4099
4100
4101
4104
4113
4117
4118
4128
4136
4142
4154
4159
4162
4179
4187
4194
4201
4203
4206
4210
4290
4342
4362
4374
4376
4379
4384
4385
4409
4420
4435
4438
4440
4441
4461
4473
4492
4507
4511
4517
4521
4536
4541
4551
4553
4561
4572
4578
4587
4607
4627
4642
4653
4661
4676
4688
4694
4738
4748
4819
4831
4839
4840
4858
4865
4871
4886
4887
4896
4900
7
18
28
33
41
47
49
50
51
60
69
71
72
76
82
85
90
91
94
100
102
103
104
111
112
124
130
136
140
144
147
149
168
170
176
177
178
190
191
193
200
214
217
220
223
228
235
237
238
246
252
253
254
257
261
268
277
289
291
295
296
308
309
311
313
314
317
320
324
326
329
331
353
360
369
393
410
418
420
421
423
428
435
437
438
440
441
442
446
448
450
453
454
455
456
458
463
467
468
471
476
477
478
479
491
505
506
508
525
527
529
533
534
535
537
544
555
556
557
562
564
565
567
575
577
584
591
604
615
617
621
627
629
633
635
639
643
644
647
661
665
670
678
686
690
693
695
703
708
711
717
727
733
735
737
738
748
753
759
763
769
773
775
776
777
778
785
786
813
818
821
825
827
834
843
844
846
852
856
859
868
870
875
880
881
890
891
892
893
895
899
911
916
917
920
925
926
929
933
941
944
953
957
958
962
967
969
973
974
978
980
983
985
986
988
990
993
994
1010
1011
1013
1014
1015
1040
1043
1046
1054
1055
1056
1064
1065
1066
1069
1070
1072
1073
1074
1080
1082
1088
1093
1095
1100
1102
1107
1108
1114
1121
1122
1127
1131
1132
1133
1134
1141
1144
1149
1151
1154
1156
1159
1160
1162
1174
1175
1177
1185
1188
1189
1191
1196
1198
1203
1204
1207
1208
1215
1225
1228
1233
1236
1250
1252
1254
1255
1259
1268
1274
1276
1278
1282
1285
1290
1293
1296
1303
1313
1315
1316
1318
1324
1326
1329
1331
1334
1336
1337
1338
1342
1345
1346
1348
1356
1362
1363
1367
1368
1371
1373
1376
1378
1379
1381
1382
1388
1389
1390
1400
1401
1407
1411
1412
1423
1424
1425
1428
1429
1431
1432
1437
1439
1440
1448
1449
1451
1452
1453
1457
1461
1472
1475
1485
1486
1493
1494
1495
1501
1506
1509
1510
1512
1514
1520
1521
1524
1525
1531
1534
1535
1539
1541
1561
1562
1565
1572
1573
1574
1578
1582
1585
1597
1598
1600
1601
1603
1611
1613
1619
1632
1653
1660
1669
1676
1689
1690
1698
1701
1702
1712
1715
1720
1725
1731
1737
1740
1741
1748
1751
1753
1754
1756
1793
1799
1815
1816
1819
1826
1830
1837
1838
1843
1846
1849
1854
1868
1870
1882
1884
1892
1894
1898
1916
1920
1921
1928
1939
1960
1963
1964
1968
1976
1977
1984
1993
1994
1999
2000
2002
2009
2011
2016
2024
2031
2038
2045
2046
2053
2059
2065
2066
2070
2072
2079
2081
2082
2083
2084
2088
2098
2101
2105
2112
2113
2117
2119
2127
2128
2129
2132
2137
2139
2145
2149
2155
2157
2161
2162
2174
2179
2189
2190
2212
2223
2228
2232
2240
2243
2245
2262
2273
2275
2280
2283
2302
2303
2307
2308
2313
2316
2328
2334
2345
2348
2353
2368
2369
2370
2372
2373
2375
2377
2380
2385
2388
2393
2395
2417
2424
2425
2427
2434
2435
2439
2444
2445
2448
2451
2455
2460
2462
2467
2468
2470
2471
2472
2475
2476
2478
2479
2482
2486
2491
2493
2495
2498
2500
2502
2503
2505
2507
2512
2515
2519
2523
2535
2536
2538
2551
2555
2556
2559
2563
2566
2568
2571
2577
2582
2583
2589
2590
2593
2596
2598
2602
2608
2613
2617
2618
2619
2622
2623
2630
2637
2639
2640
2645
2653
2655
2667
2671
2676
2679
2684
2685
2701
2703
2708
2715
2722
2724
2725
2726
2728
2729
2732
2737
2740
2742
2763
2768
2770
2784
2790
2792
2793
2796
2803
2820
2822
2827
2831
2833
2834
2835
2840
2857
2859
2861
2864
2869
2870
2871
2878
2881
2883
2884
2885
2895
2899
2908
2921
2922
2923
2925
2926
2927
2940
2952
2954
2956
2959
2963
2965
2968
2971
2972
2973
2978
2980
2983
2989
2990
2992
2997
3002
3009
3010
3013
3015
3017
3029
3037
3041
3043
3045
3046
3048
3062
3064
3068
3069
3071
3072
3073
3074
3089
3090
3095
3100
3101
3103
3104
3108
3110
3111
3112
3125
3126
3129
3130
3132
3133
3136
3147
3151
3152
3158
3186
3188
3199
3201
3210
3212
3214
3220
3229
3233
3243
3250
3269
3278
3280
3287
3288
3292
3294
3300
3301
3322
3326
3331
3333
3340
3348
3360
3364
3367
3377
3399
3402
3415
3417
3422
3428
3431
3445
3453
3461
3464
3479
3490
3492
3493
3494
3498
3499
3500
3505
3516
3524
3535
3537
3540
3541
3552
3561
3562
3564
3566
3567
3571
3579
3582
3589
3590
3600
3604
3606
3608
3611
3620
3624
3626
3630
3636
3644
3648
3650
3653
3662
3678
3691
3694
3696
3704
3705
3707
3708
3718
3726
3739
3749
3751
3752
3757
3760
3768
3769
3773
3777
3786
3788
3794
3800
3802
3803
3806
3810
3811
3814
3816
3821
3824
3825
3826
3829
3830
3835
3842
3843
3846
3847
3850
3852
3854
3858
3863
3865
3869
3870
3872
3873
3874
3876
3880
3884
3886
3887
3889
3892
3896
3897
3899
3900
3901
3904
3907
3916
3921
3922
3924
3926
3929
3937
3942
3947
3954
3955
3957
3959
3964
3971
3972
3974
3981
3982
3994
4001
4006
4011
4014
4027
4030
4036
4039
4044
4048
4051
4064
4077
4088
4102
4111
4114
4116
4123
4133
4147
4148
4164
4166
4170
4172
4173
4174
4181
4185
4193
4200
4213
4216
4218
4221
4245
4263
4283
4298
4300
4304
4330
4340
4350
4352
4354
4357
4368
4369
4398
4406
4414
4416
4436
4443
4444
4453
4454
4469
4476
4477
4481
4482
4485
4486
4491
4496
4502
4505
4506
4508
4512
4515
4525
4527
4530
4531
4534
4538
4539
4540
4546
4548
4552
4560
4564
4566
4580
4581
4584
4588
4589
4591
4604
4605
4606
4610
4615
4618
4619
4620
4621
4625
4626
4636
4639
4640
4643
4647
4658
4660
4663
4666
4669
4673
4674
4675
4677
4682
4690
4693
4698
4699
4702
4718
4720
4721
4722
4725
4752
4753
4754
4760
4766
4770
4783
4791
4792
4825
4827
4829
4830
4833
4836
4837
4846
4853
4859
4860
4861
4863
4872
4873
4874
4878
4879
4882
4883
4885
4888
4897
4898
4899
4901
4907
4922
4923
4924
4927
4929
4933
4940
4
9
10
17
19
20
23
24
26
29
30
31
39
42
45
52
53
54
56
58
59
61
70
74
77
78
80
81
83
84
86
95
96
98
99
105
106
108
109
114
119
121
129
133
134
135
141
143
145
146
148
150
151
154
155
160
161
165
166
167
171
172
174
175
180
184
185
187
188
189
192
194
195
199
201
203
205
207
213
215
221
222
224
225
226
227
229
230
231
233
240
242
243
249
258
262
263
265
266
271
275
276
280
286
288
299
302
316
319
321
325
328
330
332
337
340
342
343
344
345
355
356
364
365
366
367
368
370
380
388
405
408
411
413
422
426
427
431
436
443
444
445
449
451
452
459
460
461
462
464
466
469
472
473
474
482
485
487
488
490
493
494
496
497
498
504
507
517
518
523
524
532
539
540
541
546
548
551
552
553
558
561
572
578
579
580
612
618
625
649
663
668
674
675
676
697
699
705
707
715
731
751
752
755
765
780
781
784
789
793
798
801
804
806
807
808
811
812
816
817
819
822
823
824
831
833
835
837
838
839
841
849
855
857
860
861
862
864
871
872
876
879
883
889
896
898
900
902
930
932
934
935
945
959
960
961
963
965
966
975
976
977
979
982
995
997
999
1000
1001
1002
1003
1012
1017
1024
1031
1032
1034
1035
1036
1042
1044
1047
1050
1053
1057
1060
1061
1067
1075
1079
1083
1091
1098
1110
1111
1113
1117
1119
1124
1125
1126
1128
1129
1136
1148
1152
1153
1168
1170
1173
1180
1181
1182
1183
1186
1192
1193
1195
1197
1199
1201
1202
1206
1211
1212
1213
1216
1219
1220
1221
1222
1224
1226
1227
1231
1235
1237
1240
1244
1245
1246
1247
1248
1249
1253
1257
1262
1270
1272
1273
1280
1281
1284
1287
1289
1291
1300
1301
1309
1311
1314
1319
1321
1323
1330
1340
1349
1350
1354
1357
1361
1365
1369
1375
1380
1383
1384
1386
1387
1392
1395
1396
1397
1398
1404
1406
1408
1416
1419
1422
1426
1427
1430
1433
1436
1442
1444
1447
1455
1456
1468
1469
1479
1482
1484
1489
1492
1496
1497
1499
1500
1503
1507
1516
1517
1519
1526
1528
1536
1542
1543
1544
1545
1547
1548
1549
1550
1551
1552
1554
1555
1556
1557
1558
1559
1560
1563
1564
1568
1569
1570
1571
1575
1576
1577
1579
1580
1581
1584
1586
1587
1589
1590
1591
1592
1593
1595
1602
1606
1607
1610
1612
1614
1615
1616
1617
1618
1620
1623
1624
1625
1626
1627
1628
1629
1630
1631
1633
1634
1635
1637
1638
1639
1641
1642
1644
1645
1646
1647
1649
1650
1651
1657
1658
1659
1662
1663
1664
1665
1666
1667
1668
1670
1672
1673
1675
1677
1678
1679
1680
1681
1683
1685
1691
1692
1693
1694
1695
1697
1699
1700
1703
1704
1705
1706
1707
1709
1710
1711
1713
1714
1716
1718
1721
1722
1723
1726
1727
1728
1729
1730
1732
1734
1735
1738
1739
1742
1743
1744
1747
1752
1755
1757
1758
1760
1761
1762
1764
1765
1766
1768
1769
1770
1771
1772
1773
1774
1776
1777
1778
1779
1780
1782
1784
1786
1787
1788
1789
1795
1796
1797
1798
1800
1801
1802
1803
1804
1807
1808
1809
1810
1811
1812
1813
1814
1817
1818
1820
1821
1822
1823
1824
1825
1827
1828
1829
1831
1832
1833
1836
1839
1840
1842
1845
1847
1848
1851
1852
1853
1855
1856
1857
1858
1860
1861
1862
1863
1864
1866
1867
1869
1871
1872
1873
1875
1876
1877
1878
1880
1881
1886
1888
1889
1890
1891
1893
1895
1897
1899
1900
1901
1902
1903
1904
1905
1906
1907
1908
1909
1911
1912
1913
1914
1917
1918
1919
1922
1923
1925
1926
1931
1933
1934
1935
1937
1941
1942
1943
1945
1947
1948
1951
1954
1955
1957
1958
1959
1962
1967
1969
1970
1971
1972
1974
1975
1978
1979
1981
1982
1985
1986
1989
1991
1995
1996
2001
2003
2006
2010
2013
2014
2015
2020
2022
2025
2026
2027
2028
2029
2032
2033
2034
2036
2039
2040
2041
2042
2043
2048
2049
2050
2051
2052
2054
2055
2056
2060
2061
2062
2063
2064
2068
2069
2071
2073
2074
2075
2076
2077
2078
2080
2085
2086
2087
2089
2090
2091
2093
2094
2102
2103
2104
2107
2108
2109
2110
2111
2114
2116
2120
2121
2122
2123
2124
2125
2126
2130
2133
2134
2135
2140
2141
2142
2143
2147
2148
2152
2153
2154
2159
2160
2163
2166
2172
2175
2176
2177
2178
2181
2182
2183
2184
2185
2186
2187
2188
2192
2193
2194
2195
2198
2199
2200
2201
2202
2203
2204
2206
2207
2208
2209
2210
2213
2214
2215
2216
2217
2224
2226
2227
2229
2231
2233
2238
2239
2242
2244
2246
2252
2253
2254
2255
2256
2263
2264
2265
2271
2274
2277
2278
2285
2286
2287
2288
2290
2291
2292
2293
2294
2298
2299
2301
2304
2305
2306
2309
2310
2314
2315
2317
2318
2319
2329
2330
2332
2333
2336
2338
2339
2340
2341
2342
2343
2344
2346
2347
2349
2350
2351
2352
2355
2357
2358
2359
2360
2361
2364
2365
2366
2374
2376
2378
2379
2383
2384
2389
2394
2397
2401
2402
2403
2405
2407
2410
2411
2412
2414
2415
2416
2418
2419
2420
2422
2426
2428
2430
2431
2432
2447
2477
2513
2524
2531
2540
2591
2599
2627
2631
2632
2635
2636
2638
2649
2650
2651
2652
2657
2658
2659
2665
2677
2683
2695
2697
2699
2700
2705
2713
2718
2719
2720
2738
2744
2755
2756
2757
2758
2766
2773
2777
2783
2788
2789
2806
2808
2810
2816
2825
2826
2844
2846
2848
2849
2865
2890
2893
2894
2896
2897
2898
2902
2910
2914
2919
2933
2934
2942
2947
2948
2957
2962
2964
2967
2969
2979
2981
2986
2988
2994
2995
3001
3006
3019
3023
3025
3026
3027
3032
3033
3035
3042
3044
3049
3054
3058
3059
3060
3076
3078
3080
3081
3082
3083
3084
3085
3086
3087
3088
3091
3093
3094
3096
3097
3098
3114
3115
3117
3118
3120
3122
3123
3134
3135
3140
3142
3143
3144
3145
3146
3148
3149
3153
3156
3157
3160
3166
3170
3177
3178
3179
3180
3189
3197
3198
3200
3204
3206
3208
3213
3216
3217
3218
3221
3227
3228
3231
3234
3237
3244
3245
3246
3249
3251
3252
3262
3264
3266
3268
3271
3274
3276
3282
3297
3310
3312
3317
3323
3324
3325
3345
3347
3356
3361
3362
3363
3368
3369
3398
3401
3403
3411
3412
3413
3414
3416
3419
3420
3421
3426
3432
3433
3434
3435
3436
3437
3441
3448
3452
3454
3462
3463
3465
3468
3469
3470
3471
3472
3482
3486
3487
3488
3501
3502
3503
3509
3512
3514
3521
3522
3525
3526
3528
3529
3531
3536
3539
3543
3549
3550
3551
3553
3554
3555
3556
3557
3559
3560
3568
3570
3572
3573
3576
3578
3580
3581
3583
3584
3585
3586
3587
3588
3591
3592
3595
3596
3597
3598
3599
3602
3603
3607
3609
3610
3612
3613
3614
3615
3617
3618
3619
3621
3622
3625
3627
3628
3631
3632
3633
3634
3637
3638
3640
3642
3646
3647
3649
3651
3654
3656
3657
3658
3661
3664
3665
3666
3667
3668
3669
3670
3671
3672
3673
3675
3676
3677
3681
3683
3684
3685
3688
3689
3690
3692
3693
3695
3697
3698
3699
3700
3701
3702
3706
3709
3710
3711
3712
3715
3716
3720
3722
3723
3724
3727
3728
3730
3731
3732
3737
3738
3740
3741
3744
3746
3747
3748
3750
3753
3754
3766
3767
3772
3775
3776
3779
3781
3789
3793
3804
3805
3807
3809
3812
3813
3815
3820
3823
3831
3832
3836
3838
3839
3841
3844
3848
3849
3853
3855
3856
3859
3860
3861
3864
3866
3867
3875
3877
3878
3879
3881
3882
3883
3890
3891
3893
3895
3905
3906
3908
3909
3910
3911
3912
3913
3914
3918
3919
3920
3927
3930
3931
3932
3934
3935
3936
3943
3948
3949
3950
3952
3960
3962
3969
3977
3979
3980
3983
3985
3986
3987
3989
3990
3993
3995
3996
3997
3998
4000
4002
4003
4004
4005
4007
4009
4010
4013
4015
4017
4021
4022
4023
4024
4025
4034
4038
4045
4047
4049
4050
4052
4054
4055
4056
4057
4058
4060
4061
4062
4063
4065
4066
4067
4068
4069
4071
4078
4087
4092
4093
4106
4108
4112
4126
4130
4131
4132
4135
4138
4143
4144
4145
4149
4152
4158
4160
4183
4188
4207
4211
4212
4214
4215
4226
4242
4264
4284
4327
4328
4336
4353
4359
4361
4381
4396
4399
4402
4404
4405
4408
4410
4411
4417
4418
4421
4425
4426
4430
4431
4442
4456
4458
4466
4467
4470
4474
4478
4479
4480
4483
4487
4488
4489
4493
4494
4495
4497
4498
4500
4503
4504
4509
4510
4514
4516
4518
4522
4523
4524
4528
4529
4532
4535
4542
4544
4545
4547
4549
4550
4554
4555
4556
4559
4562
4565
4567
4568
4570
4574
4576
4582
4583
4585
4590
4595
4596
4597
4599
4600
4608
4609
4612
4613
4614
4616
4623
4629
4630
4631
4632
4633
4635
4638
4644
4645
4652
4655
4656
4657
4668
4670
4671
4672
4678
4680
4683
4684
4686
4687
4689
4696
4701
4703
4704
4705
4706
4708
4709
4710
4711
4712
4713
4714
4715
4716
4717
4719
4723
4724
4728
4729
4730
4731
4733
4734
4735
4736
4737
4739
4740
4741
4742
4743
4744
4745
4746
4747
4749
4758
4762
4767
4768
4778
4779
4781
4785
4787
4790
4793
4797
4798
4815
4822
4826
4828
4832
4838
4844
4848
4850
4851
4854
4855
4862
4864
4869
4870
4876
4880
4881
4889
4890
4891
4893
4895
4902
4903
4904
4905
4906
4908
4909
4912
4913
4916
4917
4920
4921
4925
4926
4928
4931
4932
4934
4936
4937
4938
4939
1
2
3
5
6
11
14
15
16
21
22
27
32
36
37
38
43
44
48
62
63
64
65
66
73
88
89
92
101
113
116
117
120
125
126
127
131
132
157
158
159
163
164
179
181
182
196
202
208
210
211
212
216
218
219
232
234
236
244
247
255
264
267
269
270
272
274
282
285
287
290
292
293
300
303
306
322
323
327
338
346
347
348
357
358
362
363
371
372
373
374
375
376
378
379
381
384
386
387
389
396
397
398
399
400
402
403
406
409
414
416
417
432
433
439
447
457
465
470
475
486
499
501
502
509
511
512
513
514
515
516
526
528
530
536
559
566
570
571
573
576
582
585
587
589
590
592
594
595
597
598
599
600
601
602
605
606
607
610
614
616
619
620
622
624
626
628
630
632
634
637
640
641
642
645
646
648
650
653
655
658
659
660
662
664
669
672
673
677
681
682
683
685
687
689
692
694
696
698
700
702
704
706
709
710
713
714
716
718
720
722
723
726
728
729
730
732
734
736
740
744
745
746
750
754
760
764
766
767
768
772
774
783
787
791
795
796
797
800
805
809
815
820
829
840
850
865
866
867
869
878
885
886
887
888
897
903
904
905
906
907
908
909
910
912
913
914
915
918
919
921
922
923
924
931
937
946
954
956
971
981
984
987
989
998
1006
1007
1008
1016
1019
1026
1028
1037
1038
1039
1041
1052
1063
1076
1078
1109
1112
1120
1137
1138
1140
1143
1145
1167
1171
1178
1179
1184
1187
1210
1214
1232
1239
1258
1260
1261
1263
1264
1265
1269
1286
1292
1294
1302
1304
1317
1327
1335
1343
1353
1374
1391
1393
1394
1403
1410
1413
1420
1463
1464
1474
1476
1478
1480
1481
1502
1508
1513
1518
1532
1533
1537
1538
1566
1567
1594
1596
1605
1609
1636
1640
1654
1655
1656
1671
1674
1682
1687
1696
1717
1719
1736
1745
1749
1750
1763
1767
1783
1790
1791
1805
1834
1835
1844
1850
1859
1865
1874
1879
1883
1885
1887
1910
1915
1924
1930
1936
1938
1940
1946
1956
1965
1966
1973
1980
1983
1987
1988
1990
1997
2004
2005
2007
2008
2012
2017
2021
2023
2035
2044
2047
2057
2058
2067
2092
2099
2115
2131
2146
2151
2164
2165
2167
2168
2169
2170
2171
2173
2180
2196
2197
2205
2219
2225
2235
2236
2249
2250
2251
2257
2258
2259
2260
2268
2269
2270
2272
2276
2279
2295
2296
2300
2312
2321
2322
2323
2325
2337
2390
2398
2399
2400
2409
2421
2423
2429
2436
2437
2440
2441
2450
2452
2459
2461
2465
2466
2469
2480
2481
2490
2506
2509
2510
2511
2516
2517
2522
2525
2534
2539
2545
2546
2554
2565
2567
2569
2570
2572
2579
2580
2581
2586
2588
2597
2601
2609
2612
2614
2624
2625
2629
2633
2634
2641
2660
2662
2663
2664
2666
2668
2672
2674
2675
2678
2680
2681
2682
2687
2688
2689
2694
2698
2704
2706
2707
2711
2712
2717
2730
2731
2733
2734
2741
2743
2745
2746
2747
2748
2749
2750
2751
2752
2753
2754
2760
2761
2762
2767
2769
2771
2772
2774
2775
2776
2781
2785
2787
2801
2802
2804
2807
2811
2815
2817
2821
2823
2828
2829
2830
2832
2843
2847
2852
2853
2854
2855
2858
2860
2862
2866
2867
2868
2872
2874
2875
2876
2886
2887
2889
2891
2900
2901
2903
2904
2905
2906
2909
2911
2912
2918
2920
2924
2928
2929
2930
2932
2939
2944
2945
2946
2949
2950
2953
2960
2961
2974
2984
2987
2991
2993
2998
2999
3005
3012
3014
3018
3020
3021
3022
3024
3028
3030
3031
3034
3036
3038
3039
3047
3050
3051
3052
3053
3055
3056
3057
3061
3063
3065
3066
3067
3075
3077
3079
3092
3099
3102
3105
3106
3107
3109
3113
3119
3124
3131
3137
3138
3139
3141
3150
3154
3159
3161
3162
3163
3164
3165
3167
3168
3169
3171
3174
3175
3176
3181
3182
3183
3184
3190
3191
3192
3193
3194
3195
3202
3203
3205
3207
3209
3211
3215
3219
3222
3223
3224
3225
3226
3230
3232
3235
3236
3238
3239
3240
3241
3242
3247
3248
3253
3254
3255
3256
3257
3258
3259
3260
3261
3263
3267
3270
3272
3273
3277
3279
3281
3284
3286
3289
3290
3291
3299
3302
3303
3304
3305
3334
3337
3338
3339
3353
3365
3366
3371
3372
3373
3374
3375
3376
3378
3379
3380
3381
3382
3383
3384
3385
3386
3387
3388
3389
3390
3391
3392
3393
3394
3395
3396
3397
3404
3405
3406
3407
3408
3418
3423
3424
3427
3429
3438
3439
3440
3442
3443
3446
3447
3449
3450
3451
3456
3457
3458
3459
3460
3473
3474
3475
3476
3477
3478
3480
3481
3489
3491
3495
3504
3506
3507
3508
3515
3517
3518
3519
3520
3523
3527
3530
3532
3533
3534
3538
3542
3545
3546
3547
3548
3558
3565
3569
3574
3577
3593
3594
3601
3605
3616
3623
3629
3635
3639
3641
3643
3645
3652
3659
3663
3679
3680
3686
3687
3703
3713
3714
3717
3719
3729
3733
3734
3735
3742
3743
3745
3755
3758
3759
3763
3764
3771
3790
3798
3799
3817
3818
3819
3827
3834
3840
3845
3851
3857
3868
3885
3888
3898
3923
3925
3928
3933
3938
3939
3940
3941
3944
3945
3946
3951
3963
3966
3967
3973
3975
3976
3988
3992
4012
4016
4018
4020
4026
4031
4041
4042
4043
4053
4070
4073
4074
4075
4076
4080
4081
4082
4084
4090
4094
4095
4103
4107
4115
4121
4122
4124
4125
4129
4134
4139
4140
4141
4167
4168
4169
4175
4176
4177
4182
4184
4189
4190
4191
4196
4197
4199
4204
4219
4222
4224
4225
4227
4228
4229
4230
4231
4232
4233
4234
4235
4236
4237
4238
4239
4240
4241
4243
4244
4246
4247
4248
4249
4250
4251
4252
4253
4254
4255
4256
4257
4258
4259
4260
4261
4262
4265
4266
4267
4268
4269
4270
4271
4272
4273
4274
4275
4276
4277
4279
4280
4281
4282
4285
4286
4287
4288
4289
4291
4292
4293
4294
4295
4296
4297
4299
4301
4302
4303
4305
4306
4307
4308
4309
4310
4311
4312
4313
4314
4315
4317
4318
4319
4320
4321
4322
4323
4324
4325
4329
4333
4337
4338
4347
4348
4349
4355
4365
4377
4378
4386
4387
4388
4389
4392
4393
4413
4419
4422
4423
4424
4427
4428
4429
4432
4433
4437
4439
4446
4448
4449
4450
4451
4452
4455
4459
4462
4463
4464
4465
4471
4501
4513
4520
4526
4543
4557
4558
4571
4575
4577
4579
4586
4592
4593
4594
4598
4602
4603
4611
4617
4622
4624
4628
4634
4637
4641
4646
4649
4662
4664
4665
4667
4679
4681
4691
4692
4695
4697
4700
4751
4755
4756
4757
4759
4761
4763
4764
4765
4769
4771
4772
4773
4774
4775
4776
4777
4780
4782
4784
4786
4788
4789
4794
4795
4796
4799
4800
4801
4802
4803
4804
4805
4806
4807
4808
4809
4810
4811
4812
4813
4814
4816
4817
4818
4820
4821
4823
4824
4834
4841
4842
4843
4845
4852
4856
4857
4867
4868
4894
4910
4911
4914
4915
4918
4919
4930
4935