117
260
254
151
181
229
165
66
111
200
146
161
292
175
257
143
247
46
216
298
173
108
145
220
218
176
310
149
130
231
178
300
64
166
262
171
93
309
291
7
118
160
306
158
295
305
122
202
312
182
232
245
94
252
283
320
91
196
44
201
211
296
304
90
188
217
287
141
244
255
272
275
168
215
82
124
132
212
12
100
224
249
142
261
273
197
81
259
49
58
61
79
136
191
221
238
280
285
315
62
70
74
89
98
127
129
152
156
248
270
282
321
25
45
54
57
59
119
125
138
180
239
299
324
39
53
71
95
99
110
148
167
203
228
241
250
265
266
297
55
60
67
72
75
105
115
139
147
157
169
205
253
274
317
3
52
73
80
84
128
135
150
190
236
271
286
307
323
8
9
28
32
48
50
56
65
68
76
92
101
107
126
131
144
153
162
172
183
185
223
251
258
316
319
326
328
0
1
5
6
10
11
16
18
19
30
34
35
37
38
40
47
63
69
77
78
85
86
96
103
104
137
163
170
189
214
219
225
242
301
302
311
313
314
318
2
4
15
21
22
23
27
29
31
33
36
83
97
102
106
109
112
114
123
133
140
154
159
194
198
204
206
208
213
222
227
233
234
235
268
269
289
294
308
327
329
330
13
14
17
20
24
26
41
42
43
51
87
88
113
116
120
121
134
155
164
174
177
179
184
186
187
192
193
195
199
207
209
210
226
230
237
240
243
246
256
263
264
267
276
277
278
279
281
284
288
290
293
303
322
325
331